time (s)	coil I (A)	last det (V)	int current (uC)
10124.884430	0.533474	0.224580	227.259979
10124.885417	0.279430	0.224580	503.057343
10124.886477	0.286750	0.224580	807.012878
10124.887385	0.281488	0.224580	1062.604004
10124.888255	0.268315	0.224580	1296.038452
10124.889364	0.248859	0.224580	1572.022705
10124.890342	0.244658	0.224580	1811.298462
10124.891206	0.243680	0.224580	2021.838379
10124.892226	0.242783	0.224580	2269.477295
10124.893278	0.242091	0.224580	2524.156982
10124.894172	0.241648	0.224580	2740.190186
10124.895075	0.209070	0.224580	2928.980225
10124.896169	0.091154	0.224580	3028.702148
10124.897121	0.091615	0.224580	3115.919678
10124.897981	0.091729	0.224580	3194.806152
10124.899017	0.091458	0.224580	3289.556152
10124.900051	0.091296	0.224580	3383.956543
10124.900941	0.091088	0.224580	3465.024658
10124.901896	0.091069	0.224580	3551.995850
10124.902954	0.091018	0.224580	3648.292969
10124.903878	0.090828	0.224580	3732.217773
10124.904746	0.090817	0.224580	3811.046631
10125.935135	0.633021	0.192784	331.070099
10125.936188	0.282162	0.192784	628.186523
10125.937122	0.287699	0.192784	896.897339
10125.937983	0.282272	0.192784	1139.933350
10125.939062	0.266411	0.192784	1427.390991
10125.940063	0.248331	0.192784	1675.970581
10125.940937	0.245002	0.192784	1890.102661
10125.941904	0.243889	0.192784	2125.943359
10125.942958	0.242970	0.192784	2382.033691
10125.943881	0.242358	0.192784	2605.730469
10125.944756	0.241904	0.192784	2817.396729
10125.945871	0.215995	0.192784	3058.230957
10125.946861	0.091121	0.192784	3148.440430
10125.947762	0.092007	0.192784	3231.338623
10125.948757	0.091871	0.192784	3322.750488
10125.949806	0.091644	0.192784	3418.885254
10125.950691	0.091652	0.192784	3499.996826
10125.951578	0.091465	0.192784	3581.126221
10125.952659	0.091256	0.192784	3679.774170
10125.953616	0.090985	0.192784	3766.846924
10125.954481	0.090890	0.192784	3845.466797
10125.955524	0.090850	0.192784	3940.222900
10126.923243	0.563295	0.220048	264.185181
10126.924122	0.279675	0.220048	510.019745
10126.925098	0.288267	0.220048	791.367920
10126.926155	0.283312	0.220048	1090.828369
10126.927088	0.269597	0.220048	1342.362549
10126.927957	0.252151	0.220048	1561.481689
10126.929041	0.245808	0.220048	1827.937622
10126.930038	0.244417	0.220048	2071.620850
10126.930924	0.243464	0.220048	2287.330322
10126.931932	0.242772	0.220048	2532.044678
10126.932989	0.242223	0.220048	2788.074219
10126.933885	0.254392	0.220048	3016.009521
10126.934745	0.091252	0.220048	3094.486572
10126.935843	0.091813	0.220048	3195.296875
10126.936806	0.091732	0.220048	3283.635010
10126.937662	0.091714	0.220048	3362.142090
10126.938757	0.091545	0.220048	3462.384277
10126.939790	0.091501	0.220048	3556.905273
10126.940660	0.091512	0.220048	3636.520996
10126.941582	0.091124	0.220048	3720.537598
10126.942644	0.091099	0.220048	3817.284424
10126.943593	0.091271	0.220048	3903.900391
10127.970808	0.648281	0.196007	311.823303
10127.971701	0.279796	0.196007	561.681274
10127.972563	0.287985	0.196007	809.924011
10127.973549	0.284304	0.196007	1090.247925
10127.974480	0.272216	0.196007	1343.680664
10127.975359	0.254832	0.196007	1567.677612
10127.976375	0.245977	0.196007	1817.589844
10127.977276	0.244684	0.196007	2038.050049
10127.978200	0.243702	0.196007	2263.230957
10127.979071	0.243032	0.196007	2474.912109
10127.980051	0.242340	0.196007	2712.405273
10127.980980	0.242915	0.196007	2938.073242
10127.981859	0.169362	0.196007	3086.942139
10127.982870	0.091516	0.196007	3179.464844
10127.983761	0.091908	0.196007	3261.354736
10127.984665	0.091853	0.196007	3344.389893
10127.985545	0.091754	0.196007	3425.133545
10127.986571	0.091534	0.196007	3519.047852
10127.987462	0.091384	0.196007	3600.471191
10127.988333	0.091560	0.196007	3680.219971
10127.989316	0.091194	0.196007	3769.863525
10127.990261	0.090970	0.196007	3855.830566
10128.963051	0.560321	0.215520	260.549286
10128.963940	0.280118	0.215520	509.574554
10128.964815	0.288464	0.215520	761.980835
10128.965789	0.285007	0.215520	1039.578003
10128.966754	0.272333	0.215520	1302.379150
10128.967631	0.254557	0.215520	1525.625488
10128.968586	0.246354	0.215520	1760.893311
10128.969630	0.244761	0.215520	2016.423584
10128.970510	0.243831	0.215520	2230.994385
10128.971375	0.243164	0.215520	2441.331299
10128.972444	0.242531	0.215520	2700.596436
10128.973383	0.311393	0.215520	2992.994385
10128.974253	0.090363	0.215520	3071.609863
10128.975185	0.091589	0.215520	3156.971191
10128.976226	0.092164	0.215520	3252.914307
10128.977118	0.091992	0.215520	3334.971436
10128.977981	0.091904	0.215520	3414.284912
10128.978996	0.091414	0.215520	3507.069580
10128.979965	0.091501	0.215520	3595.734619
10128.980835	0.091227	0.215520	3675.102051
10128.981712	0.091216	0.215520	3755.098389
10128.982819	0.090963	0.215520	3855.794678
10130.006486	0.576383	0.198948	255.914078
10130.007362	0.279730	0.198948	500.957764
10130.008373	0.288593	0.198948	792.724792
10130.009431	0.283363	0.198948	1092.522827
10130.010315	0.270088	0.198948	1331.280518
10130.011217	0.252089	0.198948	1558.664429
10130.012306	0.245951	0.198948	1826.505005
10130.013259	0.244677	0.198948	2059.681641
10130.014128	0.243816	0.198948	2271.557617
10130.015170	0.243058	0.198948	2524.823975
10130.016205	0.242457	0.198948	2775.767334
10130.017098	0.271172	0.198948	3017.923828
10130.018062	0.091439	0.198948	3106.071289
10130.019115	0.091904	0.198948	3202.846436
10130.020047	0.092047	0.198948	3288.634277
10130.020916	0.091842	0.198948	3368.445068
10130.021984	0.091556	0.198948	3466.227295
10130.022986	0.091322	0.198948	3557.731934
10130.023872	0.091556	0.198948	3638.850830
10130.024840	0.091227	0.198948	3727.158447
10130.025876	0.090959	0.198948	3821.392578
10130.026791	0.091069	0.198948	3904.720947
10131.001895	0.552891	0.215838	286.950226
10131.002916	0.283158	0.215838	576.054504
10131.003792	0.288889	0.215838	829.121399
10131.004776	0.283268	0.215838	1107.856934
10131.005833	0.267374	0.215838	1390.471558
10131.006741	0.249924	0.215838	1617.402832
10131.007610	0.246178	0.215838	1831.331543
10131.008709	0.244860	0.215838	2100.432373
10131.009679	0.243768	0.215838	2336.887695
10131.010568	0.243157	0.215838	2553.053955
10131.011567	0.242571	0.215838	2795.382080
10131.012643	0.216522	0.215838	3028.359863
10131.013532	0.091395	0.215838	3109.610352
10131.014421	0.092003	0.215838	3191.401123
10131.015511	0.091820	0.215838	3291.485107
10131.016462	0.091666	0.215838	3378.659668
10131.017326	0.091729	0.215838	3457.913086
10131.018388	0.091403	0.215838	3554.982666
10131.019401	0.091282	0.215838	3647.451172
10131.020284	0.091230	0.215838	3728.007568
10131.021227	0.090996	0.215838	3813.816895
10131.022285	0.090981	0.215838	3910.075195
10132.042273	0.524381	0.202029	269.007507
10132.043193	0.281360	0.202029	527.858582
10132.044059	0.288658	0.202029	777.836792
10132.045149	0.283737	0.202029	1087.109619
10132.046164	0.268649	0.202029	1359.788086
10132.047043	0.251503	0.202029	1580.858887
10132.048040	0.246053	0.202029	1826.174194
10132.049095	0.244677	0.202029	2084.307861
10132.049996	0.243754	0.202029	2303.929932
10132.050863	0.243168	0.202029	2514.756348
10132.051976	0.242545	0.202029	2784.709229
10132.052959	0.246782	0.202029	3027.296143
10132.053813	0.091362	0.202029	3105.319580
10132.054903	0.091978	0.202029	3205.575195
10132.055958	0.092091	0.202029	3302.731201
10132.056826	0.092080	0.202029	3382.656738
10132.057761	0.091699	0.202029	3468.395508
10132.058830	0.091520	0.202029	3566.230225
10132.059771	0.091377	0.202029	3652.215820
10132.060642	0.091388	0.202029	3731.814697
10132.061692	0.091022	0.202029	3827.387451
10132.062711	0.090945	0.202029	3920.060303
10133.039564	1.182209	0.219182	517.807739
10133.040424	2.230529	0.219182	2436.062500
10133.041435	2.366971	0.219182	4829.070312
10133.042490	1.522756	0.219182	6435.578125
10133.043388	0.806645	0.219182	7159.945801
10133.044328	0.761136	0.219182	7875.414062
10133.045405	0.731770	0.219182	8663.530273
10133.046355	0.711196	0.219182	9339.166992
10133.047227	0.697621	0.219182	9947.492187
10133.048296	0.685349	0.219182	10680.130859
10133.049308	0.671620	0.219182	11359.810547
10133.050204	0.442731	0.219182	11756.497070
10133.051175	0.090857	0.219182	11844.718750
10133.052233	0.092124	0.219182	11942.185547
10133.053152	0.091996	0.219182	12026.729492
10133.054012	0.091688	0.219182	12105.581055
10133.055093	0.091549	0.219182	12204.545898
10133.056071	0.091425	0.219182	12293.958984
10133.056956	0.091399	0.219182	12374.846680
10133.057948	0.091172	0.219182	12465.289062
10133.058988	0.091190	0.219182	12560.126953
10133.059883	0.091139	0.219182	12641.696289
10134.078005	0.498256	0.201449	267.065002
10134.079054	0.283539	0.201449	564.497192
10134.079950	0.288875	0.201449	823.328735
10134.080876	0.283462	0.201449	1085.814453
10134.081954	0.267220	0.201449	1373.878174
10134.082894	0.249456	0.201449	1608.366455
10134.083762	0.245969	0.201449	1821.867798
10134.084829	0.244574	0.201449	2082.828125
10134.085847	0.243640	0.201449	2330.853760
10134.086737	0.243025	0.201449	2547.145996
10134.087723	0.242534	0.201449	2786.284668
10134.088787	0.192576	0.201449	2991.185303
10134.089699	0.091472	0.201449	3074.607910
10134.090556	0.092113	0.201449	3153.548828
10134.091653	0.092102	0.201449	3254.584717
10134.092649	0.091923	0.201449	3346.139648
10134.093524	0.091707	0.201449	3426.382812
10134.094434	0.091626	0.201449	3509.762451
10134.095309	0.091373	0.201449	3589.714111
10134.096308	0.091370	0.201449	3680.992432
10134.097221	0.091212	0.201449	3764.269043
10134.098101	0.091168	0.201449	3844.497070
10135.079390	0.631879	0.205816	282.449768
10135.080263	0.279635	0.205816	526.571167
10135.081129	0.288644	0.205816	776.536682
10135.082157	0.285524	0.205816	1070.055054
10135.083051	0.272805	0.205816	1313.942871
10135.083986	0.254491	0.205816	1551.891968
10135.084853	0.246497	0.205816	1765.604492
10135.085928	0.244907	0.205816	2028.879761
10135.086822	0.244113	0.205816	2247.116455
10135.087701	0.243435	0.205816	2461.095947
10135.088710	0.242710	0.205816	2705.990234
10135.089636	0.329846	0.205816	3011.427734
10135.090561	0.091758	0.205816	3096.303711
10135.091423	0.091718	0.205816	3175.364258
10135.092460	0.092139	0.205816	3270.912109
10135.093339	0.091985	0.205816	3351.766846
10135.094205	0.091897	0.205816	3431.349609
10135.095171	0.091685	0.205816	3519.916992
10135.096118	0.091553	0.205816	3606.617432
10135.097023	0.091318	0.205816	3689.260498
10135.097897	0.091293	0.205816	3769.050293
10135.098935	0.091058	0.205816	3863.568848
10136.112586	0.644714	0.208821	282.384888
10136.113451	0.279309	0.208821	523.987244
10136.114484	0.288860	0.208821	822.379456
10136.115528	0.284161	0.208821	1119.043945
10136.116416	0.271344	0.208821	1359.997437
10136.117347	0.253304	0.208821	1595.823853
10136.118417	0.246281	0.208821	1859.343994
10136.119356	0.244867	0.208821	2089.273926
10136.120221	0.243948	0.208821	2300.288818
10136.121288	0.243186	0.208821	2559.768311
10136.122307	0.242644	0.208821	2807.022461
10136.123188	0.267799	0.208821	3042.953369
10136.124156	0.091454	0.208821	3131.480713
10136.125230	0.092003	0.208821	3230.292236
10136.126133	0.092190	0.208821	3313.539795
10136.126999	0.091937	0.208821	3393.157471
10136.128059	0.091725	0.208821	3490.385742
10136.129064	0.091487	0.208821	3582.330078
10136.129955	0.091538	0.208821	3663.890625
10136.130929	0.091289	0.208821	3752.806152
10136.131986	0.091304	0.208821	3849.314209
10136.132892	0.091344	0.208821	3932.071777
10137.118239	0.538033	0.204136	273.859039
10137.119190	0.282103	0.204136	542.139282
10137.120053	0.288721	0.204136	791.305237
10137.121124	0.283392	0.204136	1094.818359
10137.122158	0.267726	0.204136	1371.646851
10137.123044	0.250477	0.204136	1593.569702
10137.124000	0.245804	0.204136	1828.558716
10137.125060	0.244501	0.204136	2087.729492
10137.125993	0.243600	0.204136	2315.008057
10137.126855	0.243032	0.204136	2524.501953
10137.127916	0.242516	0.204136	2781.811279
10137.128945	0.244607	0.204136	3033.511719
10137.129815	0.091223	0.204136	3112.875977
10137.130789	0.091897	0.204136	3202.383545
10137.131842	0.092007	0.204136	3299.266846
10137.132750	0.091794	0.204136	3382.616211
10137.133613	0.091703	0.204136	3461.755859
10137.134685	0.091458	0.204136	3559.798340
10137.135672	0.091329	0.204136	3649.940430
10137.136565	0.091245	0.204136	3731.422363
10137.137541	0.091132	0.204136	3820.366699
10137.138603	0.090952	0.204136	3916.958008
10138.148363	0.569216	0.208579	286.885010
10138.149278	0.281715	0.208579	544.654297
10138.150143	0.289083	0.208579	794.711304
10138.151240	0.284213	0.208579	1106.492554
10138.152236	0.269462	0.208579	1374.876465
10138.153127	0.251960	0.208579	1599.373291
10138.154131	0.246222	0.208579	1846.580078
10138.155183	0.244878	0.208579	2104.191650
10138.156077	0.243922	0.208579	2322.258057
10138.156942	0.243226	0.208579	2532.648926
10138.158051	0.242703	0.208579	2801.806152
10138.159025	0.244135	0.208579	3039.593262
10138.159883	0.091721	0.208579	3118.290039
10138.160966	0.092047	0.208579	3217.977051
10138.162001	0.092139	0.208579	3313.340576
10138.162878	0.092010	0.208579	3394.033691
10138.163809	0.091652	0.208579	3479.361328
10138.164906	0.091447	0.208579	3579.678223
10138.165841	0.091447	0.208579	3665.180664
10138.166702	0.091582	0.208579	3744.032715
10138.167738	0.091154	0.208579	3838.467773
10138.168762	0.091179	0.208579	3931.835205
10139.156956	0.646022	0.205876	296.523956
10139.158042	0.283198	0.205876	604.077271
10139.159003	0.288886	0.205876	881.696228
10139.159871	0.283905	0.205876	1128.125732
10139.160931	0.267847	0.205876	1412.043213
10139.161957	0.248983	0.205876	1667.499878
10139.162850	0.245815	0.205876	1887.013062
10139.163803	0.244541	0.205876	2120.060547
10139.164854	0.243651	0.205876	2376.137939
10139.165784	0.243040	0.205876	2602.164795
10139.166650	0.242560	0.205876	2812.221680
10139.167722	0.235756	0.205876	3064.951660
10139.168740	0.091421	0.205876	3158.018066
10139.169613	0.092183	0.205876	3238.493408
10139.170595	0.091956	0.205876	3328.793701
10139.171638	0.091838	0.205876	3424.581055
10139.172531	0.091663	0.205876	3506.435791
10139.173396	0.091392	0.205876	3585.489502
10139.174459	0.091388	0.205876	3682.634766
10139.175455	0.091110	0.205876	3773.379883
10139.176341	0.091487	0.205876	3854.437256
10139.177320	0.091106	0.205876	3943.629883
10140.185106	0.637196	0.206585	326.881561
10140.186012	0.281162	0.206585	581.614441
10140.186941	0.288318	0.206585	849.461792
10140.187808	0.284619	0.206585	1096.226562
10140.188774	0.271311	0.206585	1358.312988
10140.189729	0.252828	0.206585	1599.764160
10140.190621	0.246431	0.206585	1819.580322
10140.191605	0.245175	0.206585	2060.832031
10140.192515	0.244058	0.206585	2282.924561
10140.193422	0.243395	0.206585	2503.683594
10140.194306	0.242831	0.206585	2718.345947
10140.195360	0.319409	0.206585	3055.003174
10140.196264	0.090377	0.206585	3136.704102
10140.197137	0.091718	0.206585	3216.773437
10140.198128	0.092036	0.206585	3307.981201
10140.199061	0.091959	0.206585	3393.779053
10140.199981	0.091864	0.206585	3478.293945
10140.200843	0.091512	0.206585	3557.177734
10140.201888	0.091458	0.206585	3652.750732
10140.202763	0.091366	0.206585	3732.696045
10140.203630	0.091263	0.206585	3811.821533
10140.204580	0.091088	0.206585	3898.354736
10141.194826	0.485054	0.198919	272.600189
10141.195739	0.281957	0.198919	530.026733
10141.196620	0.288472	0.198919	784.170288
10141.197609	0.283169	0.198919	1064.224365
10141.198614	0.267971	0.198919	1333.535400
10141.199508	0.250792	0.198919	1557.743652
10141.200374	0.246215	0.198919	1770.965454
10141.201472	0.244794	0.198919	2039.748901
10141.202380	0.243831	0.198919	2261.146973
10141.203252	0.243223	0.198919	2473.237061
10141.204263	0.242629	0.198919	2718.535400
10141.205274	0.283180	0.198919	3004.830322
10141.206150	0.091033	0.198919	3084.574951
10141.207016	0.092000	0.198919	3164.246582
10141.208106	0.091956	0.198919	3264.478027
10141.209021	0.092223	0.198919	3348.862061
10141.209897	0.091879	0.198919	3429.347656
10141.210881	0.091578	0.198919	3519.460693
10141.211893	0.091348	0.198919	3611.904541
10141.212778	0.091351	0.198919	3692.750488
10141.213642	0.091355	0.198919	3771.681152
10141.214740	0.091172	0.198919	3871.787842
10142.221787	0.562797	0.210581	254.946884
10142.222668	0.279631	0.210581	501.302094
10142.223648	0.288248	0.210581	783.785400
10142.224717	0.283597	0.210581	1086.951050
10142.225632	0.270066	0.210581	1334.061401
10142.226500	0.252195	0.210581	1552.966553
10142.227612	0.245944	0.210581	1826.455811
10142.228593	0.244629	0.210581	2066.436768
10142.229465	0.243842	0.210581	2279.066650
10142.230557	0.242952	0.210581	2544.369873
10142.231605	0.242501	0.210581	2798.511230
10142.232501	0.243944	0.210581	3017.085205
10142.233432	0.091425	0.210581	3102.201416
10142.234480	0.092146	0.210581	3198.770508
10142.235418	0.092205	0.210581	3285.258301
10142.236277	0.092029	0.210581	3364.311035
10142.237321	0.091578	0.210581	3459.918945
10142.238335	0.091549	0.210581	3552.749756
10142.239214	0.091348	0.210581	3633.044434
10142.240169	0.091179	0.210581	3720.120605
10142.241224	0.091183	0.210581	3816.318604
10142.242148	0.091150	0.210581	3900.541016
10143.231481	0.593752	0.211270	288.563690
10143.232359	0.281144	0.211270	535.407959
10143.233283	0.289010	0.211270	802.453186
10143.234369	0.283813	0.211270	1110.674561
10143.235323	0.269106	0.211270	1367.402100
10143.236198	0.251700	0.211270	1587.640015
10143.237255	0.246321	0.211270	1848.001099
10143.238274	0.245072	0.211270	2097.729492
10143.239170	0.244047	0.211270	2316.395264
10143.240125	0.243362	0.211270	2548.805908
10143.241185	0.242805	0.211270	2806.179443
10143.242124	0.262152	0.211270	3052.340332
10143.242987	0.091271	0.211270	3131.106934
10143.244074	0.092091	0.211270	3231.209961
10143.245058	0.092113	0.211270	3321.849121
10143.245935	0.092095	0.211270	3402.616211
10143.246935	0.091666	0.211270	3494.282471
10143.247973	0.091436	0.211270	3589.192627
10143.248865	0.091388	0.211270	3670.710693
10143.249727	0.091318	0.211270	3749.427246
10143.250820	0.091011	0.211270	3848.902100
10143.251812	0.091095	0.211270	3939.268311
10144.259513	0.647256	0.205989	273.789215
10144.260603	0.282645	0.205989	581.872559
10144.261605	0.289142	0.205989	871.592651
10144.262481	0.284187	0.205989	1120.540527
10144.263457	0.269194	0.205989	1383.274170
10144.264510	0.249976	0.205989	1646.498535
10144.265413	0.246006	0.205989	1868.641846
10144.266280	0.244812	0.205989	2080.893799
10144.267380	0.243735	0.205989	2349.002686
10144.268373	0.243014	0.205989	2590.315430
10144.269271	0.242574	0.205989	2808.147217
10144.270266	0.243138	0.205989	3050.070068
10144.271328	0.091293	0.205989	3147.022949
10144.272217	0.092263	0.205989	3229.044922
10144.273107	0.092142	0.205989	3311.051514
10144.274202	0.091772	0.205989	3411.542480
10144.275155	0.091853	0.205989	3499.078369
10144.276019	0.091703	0.205989	3578.309570
10144.277067	0.091410	0.205989	3674.107178
10144.278088	0.091161	0.205989	3767.182373
10144.278978	0.091575	0.205989	3848.683838
10144.279919	0.091132	0.205989	3934.438721
10145.269179	0.643810	0.204422	272.975342
10145.270183	0.281118	0.204422	555.217957
10145.271256	0.288757	0.204422	865.054565
10145.272132	0.283524	0.204422	1113.421753
10145.273050	0.269414	0.204422	1360.743896
10145.274132	0.249939	0.204422	1631.177856
10145.275092	0.246046	0.204422	1867.382080
10145.275964	0.244816	0.204422	2080.861328
10145.277003	0.243871	0.204422	2334.243164
10145.278028	0.243120	0.204422	2583.441406
10145.278931	0.242615	0.204422	2802.522461
10145.279887	0.230870	0.204422	3023.234619
10145.280948	0.091329	0.204422	3120.135010
10145.281872	0.092000	0.204422	3205.142578
10145.282734	0.092183	0.204422	3284.604004
10145.283806	0.091809	0.204422	3383.023437
10145.284804	0.091688	0.204422	3474.528320
10145.285696	0.091476	0.204422	3556.124756
10145.286681	0.091454	0.204422	3646.206787
10145.287727	0.091230	0.204422	3741.633789
10145.288634	0.091447	0.204422	3824.575684
10145.289493	0.091062	0.204422	3902.797852
10146.296265	0.630381	0.211641	269.802979
10146.297162	0.279778	0.211641	520.763672
10146.298189	0.288688	0.211641	817.245972
10146.299097	0.284755	0.211641	1075.803223
10146.299973	0.272582	0.211641	1314.584839
10146.301068	0.251411	0.211641	1589.880005
10146.301975	0.246182	0.211641	1813.166748
10146.302893	0.245017	0.211641	2038.092407
10146.303761	0.243933	0.211641	2249.826416
10146.304815	0.243226	0.211641	2506.187012
10146.305707	0.242754	0.211641	2722.723389
10146.306583	0.328444	0.211641	3010.439941
10146.307600	0.091095	0.211641	3103.083496
10146.308524	0.092000	0.211641	3188.091064
10146.309444	0.092205	0.211641	3272.919189
10146.310307	0.091959	0.211641	3352.280029
10146.311351	0.091816	0.211641	3448.136230
10146.312236	0.091718	0.211641	3529.306152
10146.313102	0.091677	0.211641	3608.698730
10146.314065	0.091417	0.211641	3696.733643
10146.315015	0.091135	0.211641	3783.312012
10146.315928	0.091245	0.211641	3866.618896
10147.304903	0.630776	0.209236	276.280029
10147.305772	0.280104	0.209236	519.690186
10147.306638	0.289061	0.209236	770.017273
10147.307681	0.285407	0.209236	1067.696289
10147.308587	0.272618	0.209236	1314.688477
10147.309465	0.254377	0.209236	1538.031860
10147.310357	0.246885	0.209236	1758.253052
10147.311382	0.245486	0.209236	2009.875977
10147.312309	0.244567	0.209236	2236.589355
10147.313178	0.243728	0.209236	2448.388916
10147.314284	0.243160	0.209236	2717.324219
10147.315178	0.321306	0.209236	3004.571777
10147.316054	0.093651	0.209236	3086.610107
10147.316909	0.091692	0.209236	3165.006592
10147.317965	0.092336	0.209236	3262.513916
10147.318837	0.092062	0.209236	3342.791748
10147.319709	0.092271	0.209236	3423.251709
10147.320694	0.091663	0.209236	3513.539307
10147.321633	0.091586	0.209236	3599.538330
10147.322511	0.091417	0.209236	3679.802734
10147.323459	0.091274	0.209236	3766.330811
10147.324486	0.091344	0.209236	3860.141113
10148.334114	0.538217	0.211887	276.643311
10148.335018	0.281594	0.211887	531.204529
10148.335893	0.288834	0.211887	783.934448
10148.336915	0.284550	0.211887	1074.744141
10148.337920	0.269978	0.211887	1346.072021
10148.338803	0.252462	0.211887	1568.996094
10148.339817	0.246431	0.211887	1818.876831
10148.340881	0.245076	0.211887	2079.637451
10148.341763	0.244065	0.211887	2294.902832
10148.342625	0.243384	0.211887	2504.699707
10148.343733	0.242823	0.211887	2773.748047
10148.344692	0.249042	0.211887	3012.579102
10148.345565	0.091439	0.211887	3092.405518
10148.346588	0.092003	0.211887	3186.524658
10148.347630	0.092157	0.211887	3282.552246
10148.348522	0.091981	0.211887	3364.599365
10148.349438	0.091743	0.211887	3448.635986
10148.350512	0.091531	0.211887	3546.939941
10148.351451	0.091520	0.211887	3632.876953
10148.352318	0.091337	0.211887	3712.065918
10148.353381	0.091146	0.211887	3808.954346
10148.354398	0.091007	0.211887	3901.508545
10149.342734	0.633604	0.201622	321.870575
10149.343793	0.283865	0.201622	622.483337
10149.344725	0.289460	0.201622	892.260498
10149.345591	0.284451	0.201622	1138.594727
10149.346662	0.268762	0.201622	1426.439087
10149.347678	0.249965	0.201622	1680.403076
10149.348555	0.246350	0.201622	1896.452148
10149.349550	0.245076	0.201622	2140.302490
10149.350609	0.244003	0.201622	2398.701416
10149.351521	0.243241	0.201622	2620.537109
10149.352387	0.242842	0.201622	2830.838135
10149.353499	0.220638	0.201622	3076.187988
10149.354485	0.091399	0.201622	3166.307373
10149.355359	0.092219	0.201622	3246.906982
10149.356356	0.092117	0.201622	3338.747314
10149.357404	0.092029	0.201622	3435.193604
10149.358301	0.092150	0.201622	3517.851807
10149.359163	0.091611	0.201622	3596.820801
10149.360270	0.091432	0.201622	3698.035889
10149.361233	0.091234	0.201622	3785.894287
10149.362100	0.091403	0.201622	3865.140381
10149.363158	0.091113	0.201622	3961.538330
10150.372908	0.540293	0.207935	291.217926
10150.373976	0.283978	0.207935	594.506714
10150.374876	0.289175	0.207935	854.764038
10150.375746	0.283781	0.207935	1101.653076
10150.376864	0.267411	0.207935	1400.618408
10150.377840	0.249543	0.207935	1644.172852
10150.378713	0.246028	0.207935	1858.955200
10150.379762	0.244548	0.207935	2115.486328
10150.380792	0.243695	0.207935	2366.492187
10150.381679	0.243138	0.207935	2582.156006
10150.382613	0.242684	0.207935	2808.823242
10150.383676	0.223184	0.207935	3046.067383
10150.384615	0.091362	0.207935	3131.856689
10150.385474	0.092227	0.207935	3211.079346
10150.386523	0.092106	0.207935	3307.698242
10150.387550	0.091956	0.207935	3402.136719
10150.388430	0.091908	0.207935	3483.015625
10150.389389	0.091516	0.207935	3570.779541
10150.390456	0.091395	0.207935	3668.298340
10150.391369	0.091483	0.207935	3751.822510
10150.392237	0.091399	0.207935	3831.156738
10150.393304	0.091051	0.207935	3928.308105
10151.377409	0.526113	0.207878	255.164932
10151.378294	0.281360	0.207878	504.168396
10151.379257	0.289449	0.207878	782.908203
10151.380299	0.284685	0.207878	1079.550049
10151.381232	0.271157	0.207878	1332.539673
10151.382093	0.253781	0.207878	1551.044678
10151.383166	0.246445	0.207878	1815.480469
10151.384180	0.245050	0.207878	2063.961182
10151.385064	0.244167	0.207878	2279.805176
10151.386056	0.243329	0.207878	2521.187500
10151.387126	0.242754	0.207878	2780.934082
10151.388030	0.251803	0.207878	3008.563965
10151.388896	0.091381	0.207878	3087.699463
10151.389977	0.092000	0.207878	3187.150879
10151.390982	0.092139	0.207878	3279.750244
10151.391872	0.092234	0.207878	3361.838379
10151.392855	0.091805	0.207878	3452.083008
10151.393916	0.091622	0.207878	3549.294189
10151.394800	0.091611	0.207878	3630.278564
10151.395664	0.091465	0.207878	3709.304199
10151.396779	0.091245	0.207878	3811.042480
10151.397740	0.091245	0.207878	3898.729004
10152.410611	0.576526	0.211794	275.579376
10152.411491	0.280649	0.211794	522.550903
10152.412447	0.288962	0.211794	798.798950
10152.413514	0.283934	0.211794	1101.756836
10152.414459	0.269982	0.211794	1356.889526
10152.415330	0.252308	0.211794	1576.650146
10152.416395	0.246086	0.211794	1838.732178
10152.417395	0.244746	0.211794	2083.478271
10152.418283	0.243860	0.211794	2300.025879
10152.419264	0.243201	0.211794	2538.605713
10152.420322	0.242629	0.211794	2795.307617
10152.421240	0.263291	0.211794	3037.008789
10152.422099	0.091271	0.211794	3115.410400
10152.423184	0.092029	0.211794	3215.261719
10152.424171	0.092168	0.211794	3306.231445
10152.425052	0.092091	0.211794	3387.363770
10152.426033	0.091696	0.211794	3477.317139
10152.427103	0.091516	0.211794	3575.239258
10152.427987	0.091630	0.211794	3656.239746
10152.428853	0.091355	0.211794	3735.353271
10152.429955	0.091256	0.211794	3835.917480
10152.430925	0.091216	0.211794	3924.396729
10153.413152	0.537217	0.207472	278.815521
10153.414121	0.282858	0.207472	552.904602
10153.415005	0.288929	0.207472	808.318237
10153.416017	0.283799	0.207472	1095.522705
10153.417069	0.268630	0.207472	1378.121826
10153.417956	0.251045	0.207472	1600.798706
10153.418842	0.246310	0.207472	1819.029175
10153.419937	0.244893	0.207472	2087.186523
10153.420898	0.243966	0.207472	2321.637939
10153.421765	0.243303	0.207472	2532.581787
10153.422811	0.242758	0.207472	2786.506104
10153.423855	0.249188	0.207472	3046.658691
10153.424740	0.091469	0.207472	3127.608398
10153.425684	0.092179	0.207472	3214.625244
10153.426759	0.092175	0.207472	3313.713623
10153.427685	0.092021	0.207472	3398.925537
10153.428541	0.091860	0.207472	3477.558105
10153.429570	0.091505	0.207472	3571.716797
10153.430592	0.091450	0.207472	3665.178955
10153.431472	0.091516	0.207472	3745.713135
10153.432426	0.091161	0.207472	3832.680664
10153.433475	0.091132	0.207472	3928.277588
10154.450411	0.595210	0.205699	280.343903
10154.451290	0.280547	0.205699	526.944580
10154.452247	0.288911	0.205699	803.432495
10154.453312	0.284550	0.205699	1106.477783
10154.454247	0.271208	0.205699	1360.057739
10154.455116	0.253403	0.205699	1580.265259
10154.456183	0.246116	0.205699	1842.870728
10154.457182	0.244882	0.205699	2087.507324
10154.458084	0.243977	0.205699	2307.574707
10154.459060	0.243289	0.205699	2545.024414
10154.460114	0.242710	0.205699	2800.840820
10154.461041	0.258475	0.205699	3040.447510
10154.461901	0.091498	0.205699	3119.135742
10154.462980	0.092058	0.205699	3218.466553
10154.463967	0.092194	0.205699	3309.461670
10154.464847	0.091809	0.205699	3390.253662
10154.465774	0.091655	0.205699	3475.218018
10154.466634	0.091469	0.205699	3553.880859
10154.467599	0.091516	0.205699	3642.193848
10154.468524	0.091472	0.205699	3726.805664
10154.469408	0.091483	0.205699	3807.676758
10154.470347	0.091051	0.205699	3893.173584
10155.446820	0.511289	0.221655	266.892883
10155.447731	0.282253	0.221655	524.025757
10155.448607	0.289296	0.221655	777.448730
10155.449494	0.285494	0.221655	1030.682251
10155.450552	0.271516	0.221655	1317.946289
10155.451445	0.253638	0.221655	1544.444824
10155.452321	0.246819	0.221655	1760.658203
10155.453356	0.245442	0.221655	2014.690552
10155.454266	0.244358	0.221655	2237.056152
10155.455172	0.243655	0.221655	2457.807373
10155.456054	0.243065	0.221655	2672.190918
10155.457088	0.314396	0.221655	2997.276123
10155.457988	0.090410	0.221655	3078.645264
10155.458858	0.091835	0.221655	3158.541504
10155.459824	0.092047	0.221655	3247.458984
10155.460787	0.092131	0.221655	3336.181396
10155.461710	0.092014	0.221655	3421.110352
10155.462576	0.091890	0.221655	3500.686768
10155.463607	0.091483	0.221655	3595.005859
10155.464489	0.091479	0.221655	3675.690674
10155.465364	0.091560	0.221655	3755.805664
10155.466292	0.091282	0.221655	3840.515137
10156.489245	0.552499	0.205038	282.879364
10156.490280	0.283619	0.205038	576.425415
10156.491152	0.289281	0.205038	828.678467
10156.492114	0.283861	0.205038	1101.752808
10156.493193	0.267598	0.205038	1390.490723
10156.494112	0.250331	0.205038	1620.544678
10156.494986	0.246405	0.205038	1835.902710
10156.496063	0.244948	0.205038	2099.711182
10156.497067	0.243995	0.205038	2344.682617
10156.497964	0.243391	0.205038	2563.004395
10156.498960	0.242897	0.205038	2804.929443
10156.500018	0.221689	0.205038	3039.476807
10156.500916	0.091267	0.205038	3121.434570
10156.501777	0.092150	0.205038	3200.775391
10156.502881	0.092051	0.205038	3302.399414
10156.503851	0.091780	0.205038	3391.425781
10156.504720	0.091908	0.205038	3471.293701
10156.505789	0.091520	0.205038	3569.128418
10156.506810	0.091322	0.205038	3662.368164
10156.507703	0.091377	0.205038	3743.967773
10156.508625	0.091241	0.205038	3828.092285
10156.509675	0.091029	0.205038	3923.672852
10157.483488	0.589929	0.217667	271.957367
10157.484364	0.279998	0.217667	517.235229
10157.485326	0.288571	0.217667	794.840088
10157.486391	0.283802	0.217667	1097.089722
10157.487323	0.270227	0.217667	1348.941284
10157.488195	0.252678	0.217667	1569.276733
10157.489291	0.246270	0.217667	1839.188110
10157.490289	0.244999	0.217667	2083.696777
10157.491188	0.244050	0.217667	2303.097900
10157.492187	0.243402	0.217667	2546.256592
10157.493242	0.242747	0.217667	2802.354248
10157.494140	0.266276	0.217667	3041.469727
10157.494999	0.091494	0.217667	3120.063232
10157.496094	0.092117	0.217667	3220.930908
10157.497054	0.092113	0.217667	3309.359375
10157.497924	0.092000	0.217667	3389.398926
10157.498946	0.091842	0.217667	3483.261475
10157.500002	0.091501	0.217667	3579.886963
10157.500883	0.091655	0.217667	3660.635254
10157.501763	0.091377	0.217667	3741.046875
10157.502855	0.091201	0.217667	3840.638672
10157.503817	0.091139	0.217667	3928.314209
10158.526934	0.576200	0.205304	255.832779
10158.527810	0.280155	0.205304	501.248596
10158.528829	0.289189	0.205304	795.932617
10158.529894	0.283861	0.205304	1098.244629
10158.530772	0.270586	0.205304	1335.819092
10158.531666	0.253000	0.205304	1562.001465
10158.532758	0.246445	0.205304	1831.119751
10158.533718	0.245145	0.205304	2066.459229
10158.534590	0.244175	0.205304	2279.379639
10158.535641	0.243442	0.205304	2535.237549
10158.536686	0.242911	0.205304	2789.079834
10158.537587	0.260731	0.205304	3023.998535
10158.538559	0.091476	0.205304	3112.913086
10158.539617	0.092161	0.205304	3210.418945
10158.540546	0.092153	0.205304	3296.029297
10158.541411	0.091989	0.205304	3375.599365
10158.542486	0.091761	0.205304	3474.242920
10158.543492	0.091516	0.205304	3566.308105
10158.544383	0.091296	0.205304	3647.653076
10158.545361	0.091351	0.205304	3736.994629
10158.546407	0.091165	0.205304	3832.352783
10158.547319	0.091168	0.205304	3915.498291
10159.519244	0.580496	0.220515	293.150269
10159.520212	0.282682	0.220515	566.786316
10159.521083	0.289237	0.220515	818.711792
10159.522125	0.283799	0.220515	1114.430176
10159.523179	0.267642	0.220515	1396.524414
10159.524080	0.250375	0.220515	1622.112061
10159.525016	0.246431	0.220515	1852.771118
10159.526096	0.244999	0.220515	2117.369873
10159.527042	0.244025	0.220515	2348.217285
10159.527915	0.243333	0.220515	2560.646484
10159.528979	0.242787	0.220515	2818.971680
10159.529997	0.233002	0.220515	3056.167480
10159.530887	0.091586	0.220515	3137.678711
10159.531859	0.092230	0.220515	3227.326416
10159.532898	0.092051	0.220515	3322.967285
10159.533812	0.092003	0.220515	3407.058105
10159.534674	0.091820	0.220515	3486.207031
10159.535738	0.091641	0.220515	3583.712646
10159.536746	0.091425	0.220515	3675.868652
10159.537618	0.091384	0.220515	3755.555664
10159.538627	0.091289	0.220515	3847.666260
10159.539675	0.091099	0.220515	3943.137695
10160.566729	0.589003	0.202275	255.038162
10160.567605	0.279540	0.202275	499.915039
10160.568629	0.288662	0.202275	795.505005
10160.569691	0.283711	0.202275	1096.806030
10160.570571	0.270590	0.202275	1334.924805
10160.571462	0.252649	0.202275	1560.035034
10160.572559	0.246094	0.202275	1829.999878
10160.573511	0.244794	0.202275	2063.043457
10160.574374	0.243849	0.202275	2273.485107
10160.575395	0.243215	0.202275	2521.807861
10160.576429	0.242600	0.202275	2772.656250
10160.577323	0.277251	0.202275	3020.518555
10160.578260	0.091373	0.202275	3106.135254
10160.579322	0.092018	0.202275	3203.858154
10160.580271	0.092351	0.202275	3291.499268
10160.581137	0.092106	0.202275	3371.262695
10160.582187	0.091567	0.202275	3467.408447
10160.583192	0.091545	0.202275	3559.411621
10160.584080	0.091534	0.202275	3640.694092
10160.585026	0.091362	0.202275	3727.122803
10160.586075	0.091143	0.202275	3822.731445
10160.587012	0.091282	0.202275	3908.262451
10161.553853	0.658184	0.226070	277.095276
10161.554777	0.280356	0.226070	536.144653
10161.555851	0.289116	0.226070	846.655457
10161.556801	0.283652	0.226070	1116.125244
10161.557675	0.270447	0.226070	1352.495728
10161.558736	0.250752	0.226070	1618.543579
10161.559759	0.246313	0.226070	1870.522217
10161.560652	0.245109	0.226070	2089.404297
10161.561618	0.244175	0.226070	2325.277100
10161.562695	0.243340	0.226070	2587.354004
10161.563622	0.242754	0.226070	2812.386963
10161.564493	0.271018	0.226070	3048.443604
10161.565588	0.091293	0.226070	3148.409180
10161.566582	0.092186	0.226070	3240.042236
10161.567479	0.092285	0.226070	3322.822021
10161.568472	0.091893	0.226070	3414.072021
10161.569522	0.091725	0.226070	3510.383057
10161.570421	0.091685	0.226070	3592.807373
10161.571285	0.091362	0.226070	3671.744385
10161.572378	0.091260	0.226070	3771.491211
10161.573340	0.091110	0.226070	3859.138672
10161.574200	0.091198	0.226070	3937.568604
10162.605591	0.552052	0.197449	284.858826
10162.606557	0.282330	0.197449	557.589966
10162.607424	0.288896	0.197449	808.063232
10162.608518	0.283019	0.197449	1117.685791
10162.609562	0.266345	0.197449	1395.750244
10162.610459	0.249423	0.197449	1619.482300
10162.611395	0.245999	0.197449	1849.736938
10162.612461	0.244589	0.197449	2110.468506
10162.613403	0.243790	0.197449	2340.118896
10162.614267	0.243208	0.197449	2550.250488
10162.615326	0.242618	0.197449	2807.183350
10162.616337	0.240432	0.197449	3050.260254
10162.617215	0.091458	0.197449	3130.560059
10162.618196	0.092164	0.197449	3220.973145
10162.619254	0.091978	0.197449	3318.285400
10162.620174	0.092073	0.197449	3402.992432
10162.621032	0.091886	0.197449	3481.830566
10162.622086	0.091487	0.197449	3578.257568
10162.623091	0.091395	0.197449	3670.109863
10162.623984	0.091348	0.197449	3751.683350
10162.624957	0.091230	0.197449	3840.450684
10162.626019	0.091183	0.197449	3937.286865
10163.589611	0.577731	0.229986	271.533447
10163.590482	0.280166	0.229986	515.558044
10163.591462	0.288955	0.229986	798.734009
10163.592521	0.284121	0.229986	1099.618286
10163.593438	0.270846	0.229986	1347.984009
10163.594309	0.252847	0.229986	1568.213501
10163.595419	0.246160	0.229986	1841.450684
10163.596414	0.244871	0.229986	2085.096924
10163.597315	0.243918	0.229986	2304.867432
10163.598318	0.243226	0.229986	2548.823486
10163.599389	0.242655	0.229986	2808.707031
10163.600288	0.257197	0.229986	3039.927246
10163.601188	0.091392	0.229986	3122.179687
10163.602262	0.092194	0.229986	3221.195557
10163.603218	0.092043	0.229986	3309.189209
10163.604082	0.092095	0.229986	3388.759033
10163.605117	0.091718	0.229986	3483.686768
10163.606133	0.091395	0.229986	3576.544434
10163.607021	0.091520	0.229986	3657.813965
10163.607953	0.091329	0.229986	3742.932861
10163.609023	0.091128	0.229986	3840.439697
10163.609951	0.090992	0.229986	3924.880615
10164.644285	0.630542	0.198404	267.980347
10164.645154	0.279950	0.198404	511.256866
10164.646228	0.288984	0.198404	821.626099
10164.647125	0.284872	0.198404	1077.156128
10164.648003	0.272922	0.198404	1316.781982
10164.649018	0.253531	0.198404	1574.116455
10164.649949	0.246335	0.198404	1803.454834
10164.650876	0.245222	0.198404	2030.775757
10164.651735	0.244131	0.198404	2240.484131
10164.652781	0.243384	0.198404	2495.063477
10164.653669	0.242769	0.198404	2710.641846
10164.654548	0.325869	0.198404	2997.080811
10164.655524	0.100188	0.198404	3094.864258
10164.656480	0.091868	0.198404	3182.689697
10164.657392	0.092183	0.198404	3266.760254
10164.658270	0.092292	0.198404	3347.792969
10164.659315	0.091926	0.198404	3443.855957
10164.660208	0.091663	0.198404	3525.710693
10164.661084	0.091615	0.198404	3605.965332
10164.661995	0.091362	0.198404	3689.196289
10164.663013	0.091241	0.198404	3782.080078
10164.663892	0.091267	0.198404	3862.303955
10165.626330	0.507891	0.227472	226.011337
10165.627202	0.281481	0.227472	471.462524
10165.628068	0.289713	0.227472	722.354126
10165.629089	0.286256	0.227472	1014.621582
10165.630007	0.273545	0.227472	1265.735840
10165.630895	0.255421	0.227472	1492.549805
10165.631758	0.247050	0.227472	1705.753540
10165.632807	0.245577	0.227472	1963.364258
10165.633702	0.244508	0.227472	2182.198975
10165.634579	0.243776	0.227472	2395.990234
10165.635587	0.243171	0.227472	2641.106934
10165.636523	0.231508	0.227472	2857.798096
10165.637402	0.202137	0.227472	3035.476807
10165.638413	0.091545	0.227472	3128.029297
10165.639418	0.092194	0.227472	3220.683838
10165.640293	0.092197	0.227472	3301.356445
10165.641157	0.091989	0.227472	3380.834473
10165.642220	0.091578	0.227472	3478.182373
10165.643155	0.091622	0.227472	3563.849121
10165.644035	0.091421	0.227472	3644.299561
10165.645000	0.091208	0.227472	3732.315674
10165.646019	0.091201	0.227472	3825.249756
10166.682115	0.579214	0.194400	286.710846
10166.683037	0.282008	0.194400	546.722290
10166.683900	0.289307	0.194400	796.393921
10166.684994	0.284136	0.194400	1107.238403
10166.686006	0.268718	0.194400	1379.181274
10166.686905	0.251107	0.194400	1604.926636
10166.687896	0.246372	0.194400	1849.081299
10166.688945	0.245046	0.194400	2106.135010
10166.689855	0.244043	0.194400	2328.214111
10166.690720	0.243369	0.194400	2538.728516
10166.691809	0.242834	0.194400	2803.175293
10166.692807	0.252001	0.194400	3054.672119
10166.693688	0.091355	0.194400	3135.155762
10166.694699	0.092223	0.194400	3228.393066
10166.695752	0.092260	0.194400	3325.542236
10166.696628	0.091912	0.194400	3406.056885
10166.697502	0.091981	0.194400	3486.448486
10166.698614	0.091483	0.194400	3588.177734
10166.699568	0.091707	0.194400	3675.665771
10166.700431	0.091567	0.194400	3754.688477
10166.701449	0.091223	0.194400	3847.553711
10166.702497	0.091241	0.194400	3943.174805
10167.663050	0.603691	0.228298	265.624207
10167.663919	0.280031	0.228298	508.970734
10167.664930	0.289047	0.228298	801.196899
10167.665945	0.284407	0.228298	1089.869751
10167.666843	0.271337	0.228298	1333.530029
10167.667710	0.253250	0.228298	1553.097412
10167.668815	0.246467	0.228298	1825.443726
10167.669735	0.245160	0.228298	2050.990967
10167.670619	0.244233	0.228298	2266.893311
10167.671611	0.243384	0.228298	2508.330078
10167.672622	0.242809	0.228298	2753.809814
10167.673522	0.297480	0.228298	3021.542236
10167.674524	0.091058	0.228298	3112.782715
10167.675572	0.091989	0.228298	3209.186768
10167.676470	0.092296	0.228298	3292.068604
10167.677334	0.091937	0.228298	3371.502441
10167.678442	0.091729	0.228298	3473.137695
10167.679399	0.091758	0.228298	3560.949951
10167.680262	0.091721	0.228298	3640.105225
10167.681322	0.091318	0.228298	3736.902588
10167.682359	0.091344	0.228298	3831.626221
10167.683239	0.091421	0.228298	3912.076660
10168.718860	0.581374	0.199649	293.594116
10168.719740	0.280847	0.199649	540.739624
10168.720635	0.288344	0.199649	798.807068
10168.721749	0.282649	0.199649	1113.677979
10168.722703	0.267931	0.199649	1369.284058
10168.723575	0.250763	0.199649	1587.949341
10168.724624	0.246024	0.199649	1846.028687
10168.725652	0.244695	0.199649	2097.574951
10168.726549	0.243944	0.199649	2316.392822
10168.727502	0.243241	0.199649	2548.201416
10168.728553	0.242615	0.199649	2803.189453
10168.729494	0.257245	0.199649	3045.256836
10168.730356	0.091241	0.199649	3123.906982
10168.731411	0.092062	0.199649	3221.032227
10168.732413	0.091959	0.199649	3313.175293
10168.733299	0.092036	0.199649	3394.719238
10168.734282	0.091597	0.199649	3484.758789
10168.735330	0.091476	0.199649	3580.625488
10168.736237	0.091512	0.199649	3663.627197
10168.737095	0.091326	0.199649	3741.984619
10168.738148	0.091176	0.199649	3837.992432
10168.739148	0.091036	0.199649	3929.028809
10169.699787	0.616860	0.232004	267.717377
10169.700742	0.280232	0.232004	535.338867
10169.701786	0.288728	0.232004	836.770935
10169.702712	0.283575	0.232004	1099.361816
10169.703575	0.270381	0.232004	1332.700439
10169.704641	0.250851	0.232004	1600.107422
10169.705660	0.246061	0.232004	1850.843384
10169.706538	0.244969	0.232004	2065.926514
10169.707514	0.243926	0.232004	2303.998047
10169.708570	0.243248	0.232004	2560.868164
10169.709492	0.242791	0.232004	2784.720947
10169.710368	0.274559	0.232004	3025.234863
10169.711463	0.091414	0.232004	3125.332764
10169.712454	0.092054	0.232004	3216.558594
10169.713341	0.092252	0.232004	3298.386230
10169.714323	0.091853	0.232004	3388.585937
10169.715380	0.091666	0.232004	3485.477051
10169.716282	0.091915	0.232004	3568.384521
10169.717144	0.091534	0.232004	3647.287109
10169.718263	0.091274	0.232004	3749.423096
10169.719228	0.091198	0.232004	3837.428711
10169.720092	0.091322	0.232004	3916.331055
10170.756543	0.630121	0.198452	268.431488
10170.757533	0.281477	0.198452	547.093750
10170.758600	0.289266	0.198452	855.740967
10170.759506	0.283876	0.198452	1112.932373
10170.760374	0.269143	0.198452	1346.548584
10170.761498	0.249646	0.198452	1627.150635
10170.762464	0.246266	0.198452	1865.043457
10170.763339	0.245072	0.198452	2079.481445
10170.764358	0.244054	0.198452	2328.172363
10170.765405	0.243333	0.198452	2582.941406
10170.766296	0.242812	0.198452	2799.287354
10170.767240	0.222814	0.198452	3009.623535
10170.768284	0.091260	0.198452	3104.898682
10170.769242	0.092172	0.198452	3193.199219
10170.770105	0.092146	0.198452	3272.721191
10170.771147	0.091732	0.198452	3368.306152
10170.772161	0.091597	0.198452	3461.185059
10170.773044	0.091732	0.198452	3542.184570
10170.774008	0.091461	0.198452	3630.353027
10170.775073	0.091230	0.198452	3727.513428
10170.775988	0.091168	0.198452	3810.932373
10170.776846	0.091282	0.198452	3889.252197
10171.735514	0.577079	0.246401	262.570862
10171.736389	0.280020	0.246401	507.587952
10171.737387	0.288831	0.246401	795.840820
10171.738451	0.283597	0.246401	1097.588501
10171.739357	0.269465	0.246401	1341.724121
10171.740221	0.251744	0.246401	1559.231323
10171.741311	0.246244	0.246401	1827.637207
10171.742312	0.244794	0.246401	2072.675781
10171.743190	0.243944	0.246401	2286.858643
10171.744181	0.243237	0.246401	2527.906738
10171.745256	0.242710	0.246401	2788.819824
10171.746136	0.264316	0.246401	3021.418213
10171.747025	0.091425	0.246401	3102.694580
10171.748133	0.092098	0.246401	3204.739502
10171.749078	0.092113	0.246401	3291.786377
10171.749946	0.091937	0.246401	3371.587891
10171.750977	0.091615	0.246401	3466.042969
10171.752002	0.091384	0.246401	3559.711914
10171.752894	0.091351	0.246401	3641.197266
10171.753827	0.091293	0.246401	3726.373291
10171.754896	0.091212	0.246401	3823.879150
10171.755833	0.091102	0.246401	3909.241943
10172.794406	0.539213	0.192756	279.312164
10172.795418	0.283572	0.192756	566.286804
10172.796301	0.289226	0.192756	821.673401
10172.797280	0.283682	0.192756	1099.397705
10172.798351	0.267539	0.192756	1385.932007
10172.799237	0.250327	0.192756	1607.721802
10172.800109	0.246489	0.192756	1822.660400
10172.801227	0.245142	0.192756	2096.728760
10172.802218	0.244025	0.192756	2338.557129
10172.803087	0.243420	0.192756	2550.089355
10172.804132	0.242860	0.192756	2803.878174
10172.805181	0.220408	0.192756	3035.085937
10172.806070	0.091520	0.192756	3116.447021
10172.806989	0.092256	0.192756	3201.230225
10172.808050	0.092139	0.192756	3298.989258
10172.808998	0.091864	0.192756	3386.076416
10172.809863	0.091820	0.192756	3465.500732
10172.810910	0.091479	0.192756	3561.279785
10172.811938	0.091296	0.192756	3655.132568
10172.812827	0.091501	0.192756	3736.477295
10172.813781	0.091304	0.192756	3823.581055
10172.814827	0.091176	0.192756	3918.950684
10173.773238	0.644689	0.238079	271.413940
10173.774331	0.282960	0.238079	580.689453
10173.775327	0.288911	0.238079	868.444946
10173.776221	0.283231	0.238079	1121.653687
10173.777209	0.267433	0.238079	1385.877319
10173.778273	0.248917	0.238079	1650.725220
10173.779186	0.246149	0.238079	1875.458984
10173.780051	0.244973	0.238079	2087.360840
10173.781166	0.243896	0.238079	2359.305420
10173.782136	0.243241	0.238079	2595.249268
10173.782999	0.242750	0.238079	2804.742676
10173.784064	0.229365	0.238079	3049.016602
10173.785104	0.091392	0.238079	3144.063965
10173.785986	0.092336	0.238079	3225.504639
10173.786918	0.092212	0.238079	3311.446045
10173.787966	0.091776	0.238079	3407.627441
10173.788902	0.091842	0.238079	3493.591553
10173.789759	0.091615	0.238079	3572.105469
10173.790783	0.091359	0.238079	3665.656738
10173.791819	0.091282	0.238079	3760.224609
10173.792706	0.091377	0.238079	3841.275879
10173.793640	0.091157	0.238079	3926.416748
10174.831146	0.553085	0.191092	286.497894
10174.832095	0.282770	0.191092	554.846436
10174.832959	0.289493	0.191092	804.968750
10174.834004	0.283601	0.191092	1101.331909
10174.835044	0.267180	0.191092	1379.199219
10174.835936	0.250283	0.191092	1602.451904
10174.836898	0.246464	0.191092	1839.549927
10174.837970	0.245105	0.191092	2102.302490
10174.838897	0.244065	0.191092	2328.550781
10174.839763	0.243409	0.191092	2539.343262
10174.840824	0.242761	0.191092	2796.912842
10174.841848	0.240707	0.191092	3043.396484
10174.842726	0.091230	0.191092	3123.496826
10174.843703	0.092164	0.191092	3213.541260
10174.844745	0.092014	0.191092	3309.419922
10174.845662	0.091919	0.191092	3393.709473
10174.846532	0.091732	0.191092	3473.516357
10174.847615	0.091461	0.191092	3572.568848
10174.848602	0.091370	0.191092	3662.750732
10174.849490	0.091205	0.191092	3743.740723
10174.850412	0.091260	0.191092	3827.882324
10174.851274	0.091066	0.191092	3906.380859
10175.812042	0.619713	0.234437	272.673767
10175.812911	0.279811	0.234437	515.829346
10175.813968	0.289080	0.234437	821.386475
10175.814993	0.283271	0.234437	1111.739746
10175.815889	0.269268	0.234437	1353.003540
10175.816854	0.251224	0.234437	1595.435059
10175.817932	0.246152	0.234437	1860.787354
10175.818853	0.244860	0.234437	2086.302979
10175.819779	0.243918	0.234437	2312.171387
10175.820657	0.243256	0.234437	2525.749756
10175.821617	0.242798	0.234437	2758.835693
10175.822569	0.286721	0.234437	3031.794189
10175.823464	0.091194	0.234437	3113.412598
10175.824358	0.091838	0.234437	3195.516113
10175.825354	0.092142	0.234437	3287.289795
10175.826277	0.091996	0.234437	3372.201904
10175.827157	0.091816	0.234437	3453.000244
10175.828178	0.091597	0.234437	3546.520508
10175.829085	0.091472	0.234437	3629.485840
10175.830000	0.091458	0.234437	3713.169434
10175.830876	0.091322	0.234437	3793.167480
10175.831829	0.091183	0.234437	3880.064697
10176.866760	0.602739	0.200365	259.177856
10176.867741	0.280931	0.200365	534.771606
10176.868689	0.289109	0.200365	808.846802
10176.869620	0.284564	0.200365	1073.776123
10176.870484	0.271754	0.200365	1308.571655
10176.871537	0.251829	0.200365	1573.747192
10176.872418	0.246584	0.200365	1790.988159
10176.873299	0.245361	0.200365	2007.151489
10176.874257	0.244362	0.200365	2241.249756
10176.875222	0.243545	0.200365	2476.270508
10176.876141	0.242999	0.200365	2699.586914
10176.877024	0.289449	0.200365	2955.170898
10176.878068	0.090465	0.200365	3049.616455
10176.878959	0.091985	0.200365	3131.574951
10176.879836	0.092263	0.200365	3212.489746
10176.880736	0.092040	0.200365	3295.325684
10176.881749	0.091776	0.200365	3388.294922
10176.882638	0.091864	0.200365	3469.961914
10176.883493	0.091589	0.200365	3548.270752
10176.884560	0.091289	0.200365	3645.676270
10176.885463	0.091501	0.200365	3728.302002
10176.886342	0.091428	0.200365	3808.667480
10177.849781	0.643806	0.237712	272.330017
10177.850789	0.281792	0.237712	556.376343
10177.851769	0.289237	0.237712	839.828613
10177.852687	0.284246	0.237712	1100.766113
10177.853571	0.271007	0.237712	1340.336304
10177.854613	0.251429	0.237712	1602.325806
10177.855514	0.246720	0.237712	1824.620483
10177.856380	0.245541	0.237712	2037.258789
10177.857435	0.244354	0.237712	2295.052490
10177.858415	0.243538	0.237712	2533.719238
10177.859299	0.243014	0.237712	2748.543457
10177.860200	0.283652	0.237712	3004.114258
10177.861283	0.091069	0.237712	3102.742432
10177.862158	0.091945	0.237712	3183.193848
10177.863015	0.092241	0.237712	3262.244629
10177.864061	0.091919	0.237712	3358.391846
10177.865033	0.091747	0.237712	3447.569824
10177.865909	0.091805	0.237712	3527.991455
10177.866768	0.091476	0.237712	3606.569092
10177.867889	0.091531	0.237712	3709.175049
10177.868795	0.091362	0.237712	3791.949219
10177.869659	0.091373	0.237712	3870.895752
10178.902466	0.630879	0.199334	270.647064
10178.903489	0.282136	0.199334	559.272461
10178.904541	0.289376	0.199334	863.696289
10178.905433	0.283586	0.199334	1116.655396
10178.906341	0.269033	0.199334	1360.937500
10178.907435	0.249756	0.199334	1634.170410
10178.908385	0.246284	0.199334	1868.140381
10178.909248	0.245079	0.199334	2079.643799
10178.910293	0.244039	0.199334	2334.664795
10178.911317	0.243347	0.199334	2583.852295
10178.912202	0.242823	0.199334	2798.750977
10178.913167	0.204602	0.199334	2996.191895
10178.914224	0.091223	0.199334	3092.614746
10178.915138	0.092146	0.199334	3176.836182
10178.916006	0.092117	0.199334	3256.793457
10178.917054	0.091838	0.199334	3353.040039
10178.918052	0.091549	0.199334	3444.406006
10178.918943	0.091443	0.199334	3525.881592
10178.919919	0.091414	0.199334	3615.101318
10178.920977	0.091333	0.199334	3711.731689
10178.921898	0.091399	0.199334	3795.910156
10178.922761	0.091077	0.199334	3874.509277
10179.888577	0.616948	0.232532	264.053864
10179.889449	0.280660	0.232532	508.789734
10179.890549	0.289142	0.232532	826.845764
10179.891522	0.283693	0.232532	1102.878662
10179.892396	0.270549	0.232532	1339.338745
10179.893429	0.251122	0.232532	1598.747559
10179.894481	0.246420	0.232532	1857.981079
10179.895372	0.245292	0.232532	2076.536133
10179.896310	0.244259	0.232532	2305.651123
10179.897392	0.243486	0.232532	2569.103271
10179.898332	0.242955	0.232532	2797.481201
10179.899208	0.268510	0.232532	3032.695557
10179.900283	0.091392	0.232532	3130.941406
10179.901289	0.092179	0.232532	3223.673340
10179.902186	0.092256	0.232532	3306.426758
10179.903153	0.091930	0.232532	3395.322998
10179.904197	0.091725	0.232532	3491.083740
10179.905110	0.091509	0.232532	3574.631348
10179.905971	0.091348	0.232532	3653.281738
10179.907063	0.091388	0.232532	3753.077393
10179.908061	0.091271	0.232532	3844.165527
10179.908932	0.091212	0.232532	3923.611328
10180.938186	0.630765	0.210779	276.275238
10180.939048	0.279496	0.210779	517.200684
10180.940091	0.288779	0.210779	818.397461
10180.941124	0.283228	0.210779	1110.971436
10180.942010	0.269410	0.210779	1349.669067
10180.942958	0.251459	0.210779	1588.052002
10180.944016	0.246178	0.210779	1848.508301
10180.944947	0.244834	0.210779	2076.448730
10180.945813	0.243992	0.210779	2287.745605
10180.946884	0.243274	0.210779	2548.291992
10180.947891	0.242732	0.210779	2792.723145
10180.948770	0.277636	0.210779	3036.764648
10180.949744	0.091388	0.210779	3125.776611
10180.950798	0.091970	0.210779	3222.713135
10180.951710	0.092091	0.210779	3306.700195
10180.952579	0.091857	0.210779	3386.523682
10180.953663	0.091622	0.210779	3485.842285
10180.954655	0.091564	0.210779	3576.673584
10180.955554	0.091516	0.210779	3658.946533
10180.956534	0.091179	0.210779	3748.302246
10180.957592	0.091106	0.210779	3844.692383
10180.958485	0.091289	0.210779	3926.213623
10181.926480	0.528241	0.239291	303.738556
10181.927539	0.284022	0.239291	604.518066
10181.928422	0.288706	0.239291	859.445496
10181.929304	0.282048	0.239291	1108.212158
10181.930407	0.264368	0.239291	1399.809692
10181.931359	0.248383	0.239291	1636.269897
10181.932230	0.246035	0.239291	1850.566528
10181.933243	0.244779	0.239291	2098.527832
10181.934281	0.243831	0.239291	2351.624023
10181.935177	0.243234	0.239291	2569.561279
10181.936089	0.242688	0.239291	2790.892822
10181.937188	0.219525	0.239291	3032.150879
10181.938133	0.091359	0.239291	3118.484863
10181.938996	0.092208	0.239291	3198.060547
10181.940056	0.091992	0.239291	3295.572266
10181.941072	0.091816	0.239291	3388.857666
10181.941962	0.091813	0.239291	3470.571045
10181.942934	0.091556	0.239291	3559.563965
10181.943990	0.091373	0.239291	3656.054199
10181.944914	0.091223	0.239291	3740.344482
10181.945777	0.091198	0.239291	3819.047852
10181.946850	0.091176	0.239291	3916.879150
10182.974912	0.630681	0.197272	270.562225
10182.975777	0.280177	0.197272	512.915344
10182.976919	0.289069	0.197272	843.031738
10182.977884	0.283458	0.197272	1116.568970
10182.978759	0.270070	0.197272	1352.879883
10182.979801	0.250598	0.197272	1614.003174
10182.980844	0.246306	0.197272	1870.900513
10182.981734	0.245112	0.197272	2089.050537
10182.982663	0.244186	0.197272	2315.899170
10182.983728	0.243387	0.197272	2575.106934
10182.984675	0.242794	0.197272	2805.032959
10182.985549	0.269147	0.197272	3040.267090
10182.986612	0.091421	0.197272	3137.447510
10182.987624	0.092128	0.197272	3230.680664
10182.988501	0.092058	0.197272	3311.415527
10182.989454	0.092018	0.197272	3399.108398
10182.990521	0.091652	0.197272	3496.900635
10182.991429	0.091820	0.197272	3580.273193
10182.992297	0.091523	0.197272	3659.715576
10182.993354	0.091260	0.197272	3756.177246
10182.994368	0.091179	0.197272	3848.633057
10182.995254	0.091216	0.197272	3929.450195
10183.966155	0.603127	0.229511	264.169800
10183.967016	0.280129	0.229511	505.361206
10183.967968	0.289189	0.229511	780.669556
10183.968899	0.285850	0.229511	1046.795532
10183.969790	0.273776	0.229511	1290.729614
10183.970757	0.255106	0.229511	1537.417358
10183.971695	0.246910	0.229511	1769.019287
10183.972582	0.245662	0.229511	1986.921143
10183.973497	0.244603	0.229511	2210.733154
10183.974511	0.243728	0.229511	2457.873291
10183.975436	0.243127	0.229511	2682.766113
10183.976302	0.239927	0.229511	2890.542725
10183.977357	0.168084	0.229511	3067.870850
10183.978240	0.091824	0.229511	3148.951172
10183.979110	0.092087	0.229511	3229.067139
10183.979995	0.092223	0.229511	3310.684326
10183.981036	0.091798	0.229511	3406.246094
10183.981939	0.091659	0.229511	3489.014160
10183.982814	0.091644	0.229511	3569.202881
10183.983800	0.091271	0.229511	3659.195801
10183.984742	0.091348	0.229511	3745.245361
10183.985665	0.091377	0.229511	3829.586182
10185.008579	0.630853	0.207524	273.159485
10185.009444	0.279672	0.207524	515.075439
10185.010513	0.288981	0.207524	823.995850
10185.011433	0.284506	0.207524	1085.740967
10185.012312	0.271978	0.207524	1324.809204
10185.013194	0.254092	0.207524	1548.918213
10185.014247	0.246727	0.207524	1808.722046
10185.015129	0.245552	0.207524	2025.298706
10185.016000	0.244475	0.207524	2238.236572
10185.017033	0.243666	0.207524	2489.943359
10185.017956	0.243018	0.207524	2714.248535
10185.018878	0.328876	0.207524	3017.471924
10185.019761	0.090498	0.207524	3097.381592
10185.020799	0.091783	0.207524	3192.652832
10185.021697	0.091978	0.207524	3275.248535
10185.022570	0.092003	0.207524	3355.567383
10185.023537	0.091831	0.207524	3444.367920
10185.024493	0.091648	0.207524	3531.983398
10185.025408	0.091597	0.207524	3615.794434
10185.026279	0.091340	0.207524	3695.351807
10185.027311	0.091227	0.207524	3789.497803
10185.028189	0.091058	0.207524	3869.447021
10186.004957	0.604252	0.225966	271.309021
10186.005823	0.280093	0.225966	513.869385
10186.006889	0.288666	0.225966	821.587097
10186.007811	0.284055	0.225966	1083.485962
10186.008680	0.271619	0.225966	1319.522583
10186.009659	0.252777	0.225966	1566.991333
10186.010672	0.246409	0.225966	1816.603271
10186.011571	0.245138	0.225966	2036.982300
10186.012438	0.244281	0.225966	2248.773926
10186.013526	0.243365	0.225966	2513.555664
10186.014466	0.242849	0.225966	2741.833740
10186.015347	0.311049	0.225966	3015.867432
10186.016321	0.090637	0.225966	3104.147949
10186.017343	0.092058	0.225966	3198.231445
10186.018237	0.092292	0.225966	3280.740967
10186.019099	0.092021	0.225966	3360.063477
10186.020174	0.091761	0.225966	3458.707031
10186.021107	0.091816	0.225966	3544.371826
10186.021975	0.091725	0.225966	3623.989014
10186.022940	0.091311	0.225966	3712.104248
10186.023961	0.091406	0.225966	3805.429932
10186.024847	0.091252	0.225966	3886.279541
10187.044295	0.634347	0.207878	275.306549
10187.045173	0.280188	0.207878	521.311646
10187.046138	0.289285	0.207878	800.471313
10187.047180	0.285194	0.207878	1097.643555
10187.048077	0.272014	0.207878	1341.640259
10187.048942	0.254125	0.207878	1561.458130
10187.050015	0.246595	0.207878	1826.055054
10187.050949	0.245328	0.207878	2055.191650
10187.051824	0.244413	0.207878	2269.052979
10187.052785	0.243625	0.207878	2503.177002
10187.053831	0.243014	0.207878	2757.369629
10187.054716	0.300963	0.207878	3023.721924
10187.055652	0.090641	0.207878	3108.561768
10187.056731	0.091923	0.207878	3207.746338
10187.057637	0.092289	0.207878	3291.360107
10187.058511	0.092212	0.207878	3371.953369
10187.059467	0.091798	0.207878	3459.712402
10187.060498	0.091648	0.207878	3554.201416
10187.061392	0.091600	0.207878	3636.092041
10187.062345	0.091436	0.207878	3723.230225
10187.063405	0.091223	0.207878	3819.926758
10187.064343	0.091278	0.207878	3905.545654
10188.044727	0.658224	0.222199	276.454041
10188.045688	0.281049	0.222199	546.541748
10188.046743	0.289343	0.222199	851.798889
10188.047663	0.284268	0.222199	1113.325073
10188.048531	0.270938	0.222199	1348.498779
10188.049620	0.251038	0.222199	1621.878662
10188.050609	0.246442	0.222199	1865.609497
10188.051494	0.245347	0.222199	2082.741211
10188.052504	0.244248	0.222199	2329.431641
10188.053572	0.243508	0.222199	2589.498535
10188.054454	0.243014	0.222199	2803.836914
10188.055327	0.245303	0.222199	3017.986084
10188.056420	0.091315	0.222199	3117.792969
10188.057381	0.092084	0.222199	3206.285400
10188.058236	0.092124	0.222199	3285.051514
10188.059298	0.091915	0.222199	3382.665527
10188.060335	0.091663	0.222199	3477.719727
10188.061224	0.091663	0.222199	3559.207764
10188.062153	0.091373	0.222199	3644.093506
10188.063211	0.091205	0.222199	3740.588135
10188.064159	0.091355	0.222199	3827.192627
10188.065024	0.091102	0.222199	3905.996094
10189.079101	0.513922	0.216576	285.740723
10189.080167	0.284586	0.216576	589.109558
10189.081055	0.289285	0.216576	845.994385
10189.081949	0.283030	0.216576	1099.023071
10189.083051	0.265576	0.216576	1391.687988
10189.084012	0.248778	0.216576	1630.763672
10189.084880	0.246270	0.216576	1844.525635
10189.085917	0.244940	0.216576	2098.528564
10189.086956	0.243940	0.216576	2351.982666
10189.087847	0.243376	0.216576	2568.831055
10189.088801	0.242882	0.216576	2800.540527
10189.089865	0.217881	0.216576	3032.365723
10189.090800	0.091337	0.216576	3117.765625
10189.091662	0.092157	0.216576	3197.204834
10189.092730	0.092098	0.216576	3295.565918
10189.093725	0.091776	0.216576	3386.883057
10189.094612	0.091739	0.216576	3468.256104
10189.095581	0.091556	0.216576	3556.974365
10189.096616	0.091307	0.216576	3651.477539
10189.097531	0.091406	0.216576	3735.114258
10189.098393	0.091194	0.216576	3813.723389
10189.099480	0.091091	0.216576	3912.739746
10190.083570	0.564463	0.217502	269.248779
10190.084452	0.281074	0.217502	517.156250
10190.085420	0.289058	0.217502	796.964050
10190.086478	0.283810	0.217502	1097.234863
10190.087411	0.269821	0.217502	1348.977417
10190.088276	0.252433	0.217502	1567.331787
10190.089355	0.246493	0.217502	1833.297607
10190.090348	0.245156	0.217502	2076.737793
10190.091234	0.244233	0.217502	2293.128662
10190.092237	0.243523	0.217502	2537.382080
10190.093288	0.242871	0.217502	2792.639648
10190.094194	0.262493	0.217502	3030.458008
10190.095053	0.091370	0.217502	3108.944580
10190.096161	0.092109	0.217502	3211.001709
10190.097123	0.092128	0.217502	3299.628418
10190.097990	0.091919	0.217502	3379.322266
10190.098996	0.091809	0.217502	3471.682129
10190.100072	0.091655	0.217502	3570.303223
10190.100943	0.091641	0.217502	3650.122314
10190.101818	0.091172	0.217502	3729.897705
10190.102914	0.091132	0.217502	3829.777832
10190.103871	0.091110	0.217502	3916.969727
10191.114685	0.644191	0.216189	276.357788
10191.115715	0.281942	0.216189	566.758179
10191.116747	0.288651	0.216189	864.646118
10191.117640	0.282935	0.216189	1117.306641
10191.118605	0.267491	0.216189	1375.435913
10191.119665	0.248807	0.216189	1639.171753
10191.120598	0.245977	0.216189	1868.667847
10191.121468	0.244885	0.216189	2081.718018
10191.122539	0.243853	0.216189	2342.884033
10191.123551	0.243164	0.216189	2588.966064
10191.124450	0.242622	0.216189	2807.083252
10191.125441	0.245815	0.216189	3050.686279
10191.126499	0.091300	0.216189	3147.281738
10191.127409	0.092274	0.216189	3231.251221
10191.128272	0.091945	0.216189	3310.599365
10191.129367	0.091831	0.216189	3411.154297
10191.130337	0.091483	0.216189	3499.893066
10191.131215	0.091589	0.216189	3580.308594
10191.132236	0.091340	0.216189	3673.567139
10191.133286	0.091260	0.216189	3769.389893
10191.134162	0.091267	0.216189	3849.339844
10191.135030	0.091077	0.216189	3928.394287
10192.120264	0.603380	0.226368	262.470367
10192.121146	0.280118	0.226368	509.534790
10192.122136	0.289076	0.226368	795.719971
10192.123180	0.284132	0.226368	1092.353882
10192.124073	0.270458	0.226368	1333.872681
10192.124956	0.252620	0.226368	1556.935791
10192.126056	0.246467	0.226368	1828.049805
10192.127017	0.245219	0.226368	2063.704834
10192.127885	0.244285	0.226368	2275.743896
10192.128952	0.243512	0.226368	2535.571289
10192.129975	0.242919	0.226368	2784.077148
10192.130874	0.275530	0.226368	3031.778320
10192.131821	0.091450	0.226368	3118.381592
10192.132881	0.092131	0.226368	3216.040771
10192.133801	0.092135	0.226368	3300.804932
10192.134662	0.092069	0.226368	3380.076416
10192.135726	0.091732	0.226368	3477.679443
10192.136752	0.091472	0.226368	3571.529785
10192.137624	0.091428	0.226368	3651.255127
10192.138591	0.091421	0.226368	3739.659180
10192.139663	0.091077	0.226368	3837.293457
10192.140563	0.091227	0.226368	3919.397461
10193.151413	0.646732	0.216704	272.274231
10193.152523	0.283887	0.216704	587.388428
10193.153497	0.289596	0.216704	869.454834
10193.154359	0.283942	0.216704	1114.212524
10193.155378	0.267422	0.216704	1386.715454
10193.156439	0.249163	0.216704	1651.076904
10193.157337	0.246533	0.216704	1872.463745
10193.158249	0.245273	0.216704	2096.153076
10193.159332	0.244263	0.216704	2360.689697
10193.160284	0.243486	0.216704	2592.488770
10193.161150	0.242981	0.216704	2802.910156
10193.162186	0.241117	0.216704	3052.707275
10193.163217	0.091326	0.216704	3146.864014
10193.164101	0.092179	0.216704	3228.350098
10193.165035	0.092175	0.216704	3314.441895
10193.166101	0.091901	0.216704	3412.407959
10193.167038	0.091868	0.216704	3498.488037
10193.167902	0.091542	0.216704	3577.580078
10193.168969	0.091271	0.216704	3674.966064
10193.169974	0.091366	0.216704	3766.788818
10193.170859	0.091241	0.216704	3847.537598
10193.171833	0.091208	0.216704	3936.374756
10194.160069	0.617007	0.214722	267.780975
10194.160945	0.279573	0.214722	512.686707
10194.161953	0.288633	0.214722	803.628540
10194.163004	0.283213	0.214722	1101.285278
10194.163896	0.269154	0.214722	1341.370728
10194.164783	0.251455	0.214722	1564.411377
10194.165887	0.246160	0.214722	1836.171631
10194.166841	0.244984	0.214722	2069.886475
10194.167709	0.244065	0.214722	2281.734863
10194.168752	0.243292	0.214722	2535.488770
10194.169791	0.242677	0.214722	2787.630127
10194.170690	0.270037	0.214722	3030.393066
10194.171633	0.091432	0.214722	3116.613281
10194.172676	0.092025	0.214722	3212.595459
10194.173597	0.092223	0.214722	3297.532715
10194.174457	0.092025	0.214722	3376.674316
10194.175519	0.091663	0.214722	3474.020020
10194.176531	0.091498	0.214722	3566.615723
10194.177409	0.091534	0.214722	3646.982910
10194.178387	0.091370	0.214722	3736.342285
10194.179445	0.091208	0.214722	3832.840820
10194.180354	0.091044	0.214722	3915.599609
10195.188247	0.638687	0.218429	330.839630
10195.189311	0.283916	0.218429	632.926270
10195.190227	0.289032	0.218429	897.679565
10195.191089	0.283268	0.218429	1141.856445
10195.192164	0.266166	0.218429	1427.984619
10195.193172	0.248749	0.218429	1678.723389
10195.194054	0.246372	0.218429	1896.023560
10195.195064	0.245010	0.218429	2143.483398
10195.196138	0.243995	0.218429	2405.534424
10195.197029	0.243354	0.218429	2622.363281
10195.197889	0.242886	0.218429	2831.245117
10195.199006	0.221276	0.218429	3078.409912
10195.199977	0.091370	0.218429	3167.129883
10195.200844	0.092117	0.218429	3246.995117
10195.201896	0.092065	0.218429	3343.847900
10195.202928	0.091798	0.218429	3438.583496
10195.203811	0.091791	0.218429	3519.634766
10195.204701	0.091509	0.218429	3601.077637
10195.205793	0.091296	0.218429	3700.773193
10195.206728	0.091271	0.218429	3786.111328
10195.207644	0.091055	0.218429	3869.517334
10195.208524	0.091047	0.218429	3949.638916
10196.196822	0.617882	0.215613	271.868103
10196.197696	0.280031	0.215613	516.614746
10196.198564	0.288765	0.215613	767.262451
10196.199626	0.284506	0.215613	1069.407471
10196.200526	0.271216	0.215613	1313.501709
10196.201404	0.253458	0.215613	1536.038086
10196.202366	0.246797	0.215613	1773.456665
10196.203333	0.245431	0.215613	2010.788330
10196.204259	0.244318	0.215613	2237.026367
10196.205132	0.243541	0.215613	2449.637939
10196.206177	0.243003	0.215613	2703.575928
10196.207063	0.325858	0.215613	2992.286133
10196.207937	0.096870	0.215613	3076.950684
10196.208849	0.091696	0.215613	3160.577148
10196.209852	0.092098	0.215613	3252.951904
10196.210769	0.092058	0.215613	3337.369141
10196.211662	0.091827	0.215613	3419.371094
10196.212681	0.091681	0.215613	3512.793945
10196.213595	0.091516	0.215613	3596.439697
10196.214514	0.091296	0.215613	3680.341064
10196.215377	0.091326	0.215613	3759.155029
10196.216417	0.091187	0.215613	3853.989014
10197.224914	0.659956	0.219987	296.320251
10197.226002	0.283737	0.219987	605.025635
10197.226883	0.289541	0.219987	860.111267
10197.227749	0.284626	0.219987	1106.597778
10197.228807	0.267898	0.219987	1390.033813
10197.229775	0.249822	0.219987	1631.861328
10197.230644	0.246632	0.219987	1846.184570
10197.231509	0.245332	0.219987	2058.396729
10197.232640	0.244138	0.219987	2334.517090
10197.233552	0.243549	0.219987	2556.633301
10197.234420	0.243054	0.219987	2767.604248
10197.235459	0.266968	0.219987	3044.983887
10197.236437	0.091403	0.219987	3134.375488
10197.237304	0.092084	0.219987	3214.212158
10197.238162	0.092186	0.219987	3293.308105
10197.239272	0.091875	0.219987	3395.289307
10197.240164	0.091794	0.219987	3477.169922
10197.241037	0.091681	0.219987	3557.207275
10197.242047	0.091494	0.219987	3649.616455
10197.243035	0.091311	0.219987	3739.831787
10197.243927	0.091132	0.219987	3821.121094
10197.244784	0.091190	0.219987	3899.270996
10198.234551	0.644341	0.208483	271.267487
10198.235644	0.282371	0.208483	579.898560
10198.236573	0.288713	0.208483	848.113281
10198.237445	0.283623	0.208483	1095.432617
10198.238434	0.268616	0.208483	1361.093506
10198.239448	0.249518	0.208483	1614.104614
10198.240331	0.246244	0.208483	1831.537964
10198.241200	0.245057	0.208483	2044.492798
10198.242249	0.244025	0.208483	2300.474609
10198.243186	0.243340	0.208483	2528.484131
10198.244066	0.242805	0.208483	2742.152588
10198.245034	0.289010	0.208483	3021.914307
10198.246065	0.091465	0.208483	3116.214600
10198.246954	0.091974	0.208483	3197.979492
10198.247813	0.092336	0.208483	3277.296387
10198.248870	0.091974	0.208483	3374.512695
10198.249804	0.091703	0.208483	3460.163086
10198.250673	0.091824	0.208483	3539.958008
10198.251625	0.091527	0.208483	3627.091797
10198.252670	0.091304	0.208483	3722.504150
10198.253548	0.091230	0.208483	3802.604492
10198.254406	0.091318	0.208483	3880.955566
10199.262704	0.564375	0.214513	266.949371
10199.263581	0.280979	0.214513	513.367981
10199.264564	0.289087	0.214513	797.540405
10199.265619	0.283275	0.214513	1096.395630
10199.266535	0.268828	0.214513	1342.642212
10199.267398	0.251440	0.214513	1559.635254
10199.268483	0.246566	0.214513	1827.159546
10199.269482	0.245255	0.214513	2072.169434
10199.270362	0.244248	0.214513	2287.107666
10199.271352	0.243530	0.214513	2528.202637
10199.272436	0.242922	0.214513	2791.530518
10199.273325	0.264393	0.214513	3026.576172
10199.274193	0.091458	0.214513	3105.961182
10199.275290	0.092098	0.214513	3206.993164
10199.276264	0.092084	0.214513	3296.682617
10199.277131	0.092205	0.214513	3376.624023
10199.278150	0.091626	0.214513	3469.990967
10199.279197	0.091630	0.214513	3565.927246
10199.280080	0.091809	0.214513	3646.994629
10199.280994	0.091392	0.214513	3730.526611
10199.282072	0.091230	0.214513	3828.873047
10199.283035	0.091256	0.214513	3916.752686
10200.271425	0.499230	0.213913	271.081757
10200.272453	0.283872	0.213913	562.902222
10200.273351	0.289039	0.213913	822.459534
10200.274287	0.282968	0.213913	1087.317139
10200.275349	0.265609	0.213913	1369.394043
10200.276297	0.249005	0.213913	1605.450928
10200.277163	0.246423	0.213913	1818.853516
10200.278239	0.245120	0.213913	2082.602295
10200.279253	0.243992	0.213913	2330.009766
10200.280133	0.243420	0.213913	2544.219727
10200.281121	0.242893	0.213913	2784.197998
10200.282182	0.219225	0.213913	3016.795654
10200.283090	0.091490	0.213913	3099.868896
10200.283950	0.092135	0.213913	3179.104980
10200.285014	0.092153	0.213913	3277.156006
10200.286008	0.091875	0.213913	3368.479736
10200.286900	0.091908	0.213913	3450.461670
10200.287877	0.091538	0.213913	3539.894287
10200.288915	0.091410	0.213913	3634.777832
10200.289818	0.091249	0.213913	3717.175537
10200.290684	0.091139	0.213913	3796.101807
10200.291789	0.091011	0.213913	3896.668701
10201.299395	0.658059	0.217260	283.623444
10201.300260	0.279236	0.217260	525.162476
10201.301294	0.288831	0.217260	823.813232
10201.302329	0.283770	0.217260	1117.514648
10201.303210	0.270168	0.217260	1355.533081
10201.304129	0.252125	0.217260	1587.236206
10201.305185	0.246270	0.217260	1847.296875
10201.306128	0.245039	0.217260	2078.368652
10201.306991	0.244080	0.217260	2289.009277
10201.308051	0.243369	0.217260	2546.980469
10201.309083	0.242758	0.217260	2797.506348
10201.309971	0.279401	0.217260	3045.614014
10201.310934	0.091285	0.217260	3133.521973
10201.311997	0.092095	0.217260	3231.418701
10201.312906	0.092351	0.217260	3315.365723
10201.313777	0.092073	0.217260	3395.561035
10201.314824	0.091633	0.217260	3491.501221
10201.315823	0.091626	0.217260	3583.035645
10201.316714	0.091674	0.217260	3664.716797
10201.317671	0.091490	0.217260	3752.273193
10201.318734	0.091219	0.217260	3849.239502
10201.319651	0.091102	0.217260	3932.780273
10202.308106	0.565060	0.217293	284.225098
10202.309100	0.282792	0.217293	565.320068
10202.309992	0.288772	0.217293	822.904663
10202.310989	0.282982	0.217293	1105.037842
10202.312048	0.266118	0.217293	1386.856934
10202.312953	0.249371	0.217293	1612.537964
10202.313815	0.246244	0.217293	1824.800171
10202.314924	0.244937	0.217293	2096.434814
10202.315889	0.244025	0.217293	2331.918701
10202.316760	0.243354	0.217293	2543.880371
10202.317783	0.242780	0.217293	2792.243896
10202.318830	0.226428	0.217293	3029.314209
10202.319715	0.091381	0.217293	3110.186035
10202.320593	0.092164	0.217293	3191.106201
10202.321687	0.092106	0.217293	3291.869873
10202.322645	0.091860	0.217293	3379.872070
10202.323514	0.091857	0.217293	3459.695557
10202.324525	0.091626	0.217293	3552.329346
10202.325570	0.091443	0.217293	3647.887207
10202.326457	0.091472	0.217293	3729.022949
10202.327387	0.091234	0.217293	3813.870605
10202.328442	0.091176	0.217293	3910.060791
10203.337147	0.631996	0.215641	269.230225
10203.338256	0.283370	0.215641	583.487976
10203.339223	0.288918	0.215641	862.872131
10203.340096	0.283389	0.215641	1110.270386
10203.341120	0.266979	0.215641	1383.656616
10203.342172	0.248906	0.215641	1645.505981
10203.343063	0.246387	0.215641	1865.036499
10203.344009	0.245251	0.215641	2097.044434
10203.345082	0.244083	0.215641	2358.945801
10203.346026	0.243424	0.215641	2588.738037
10203.346895	0.242922	0.215641	2799.837646
10203.347980	0.224751	0.215641	3043.692383
10203.348996	0.091395	0.215641	3136.550049
10203.349881	0.092025	0.215641	3217.992187
10203.350859	0.092062	0.215641	3308.028564
10203.351902	0.091963	0.215641	3403.945801
10203.352810	0.091974	0.215641	3487.458008
10203.353670	0.091729	0.215641	3566.344482
10203.354754	0.091443	0.215641	3665.468506
10203.355750	0.091443	0.215641	3756.545654
10203.356630	0.091399	0.215641	3836.976807
10203.357632	0.091245	0.215641	3928.404297
10204.342720	0.616534	0.226457	265.109802
10204.343584	0.280023	0.226457	507.049835
10204.344687	0.289047	0.226457	825.868286
10204.345686	0.283125	0.226457	1108.710205
10204.346584	0.269282	0.226457	1350.525635
10204.347594	0.250781	0.226457	1603.814697
10204.348644	0.246526	0.226457	1862.666870
10204.349528	0.245336	0.226457	2079.543701
10204.350415	0.244259	0.226457	2296.201416
10204.351500	0.243501	0.226457	2560.399902
10204.352458	0.243029	0.226457	2793.221191
10204.353324	0.276951	0.226457	3033.060547
10204.354354	0.091538	0.226457	3127.344727
10204.355385	0.092073	0.226457	3222.271729
10204.356264	0.092205	0.226457	3303.319580
10204.357184	0.091956	0.226457	3387.918701
10204.358261	0.091707	0.226457	3486.686523
10204.359209	0.091875	0.226457	3573.783936
10204.360074	0.091498	0.226457	3652.929443
10204.361122	0.091329	0.226457	3748.642578
10204.362134	0.091150	0.226457	3840.886230
10204.363027	0.091381	0.226457	3922.489014
10205.375944	1.132284	0.218703	492.543518
10205.376820	2.232986	0.218703	2448.639160
10205.377687	2.388270	0.218703	4519.269531
10205.378665	1.744252	0.218703	6225.147461
10205.379572	0.832449	0.218703	6980.178711
10205.380497	0.760283	0.218703	7683.440430
10205.381367	0.735044	0.218703	8322.928711
10205.382356	0.714038	0.218703	9029.112305
10205.383281	0.697408	0.218703	9674.214844
10205.384164	0.686334	0.218703	10280.248047
10205.385163	0.674916	0.218703	10954.489258
10205.386057	0.664395	0.218703	11548.458008
10205.386969	0.211648	0.218703	11741.480469
10205.387860	0.091736	0.218703	11823.216797
10205.388797	0.092216	0.218703	11909.623047
10205.389750	0.092000	0.218703	11997.298828
10205.390643	0.092212	0.218703	12079.644531
10205.391613	0.091747	0.218703	12168.638672
10205.392546	0.091597	0.218703	12254.098633
10205.393461	0.091458	0.218703	12337.782227
10205.394324	0.091362	0.218703	12416.627930
10205.395368	0.091219	0.218703	12511.861328
10206.378504	0.565415	0.225567	277.053375
10206.379394	0.281060	0.225567	527.196411
10206.380271	0.288754	0.225567	780.433350
10206.381213	0.284890	0.225567	1048.799805
10206.382215	0.270776	0.225567	1320.117676
10206.383138	0.252437	0.225567	1553.116577
10206.384005	0.246896	0.225567	1767.175171
10206.385068	0.245530	0.225567	2028.173340
10206.385962	0.244365	0.225567	2246.635742
10206.386828	0.243746	0.225567	2457.719971
10206.387711	0.243160	0.225567	2672.430664
10206.388757	0.316249	0.225567	3003.226807
10206.389658	0.090469	0.225567	3084.739258
10206.390532	0.091809	0.225567	3164.980469
10206.391526	0.092062	0.225567	3256.489746
10206.392465	0.092080	0.225567	3342.952881
10206.393387	0.091666	0.225567	3427.469238
10206.394251	0.091696	0.225567	3506.694092
10206.395279	0.091732	0.225567	3600.994873
10206.396163	0.091523	0.225567	3681.901611
10206.397039	0.091366	0.225567	3761.938232
10206.398018	0.091161	0.225567	3851.184814
10207.414834	0.511186	0.211012	269.395264
10207.415733	0.282129	0.211012	523.029175
10207.416616	0.289017	0.211012	778.231506
10207.417615	0.283835	0.211012	1061.783081
10207.418624	0.268341	0.211012	1332.539185
10207.419516	0.250946	0.211012	1556.383057
10207.420379	0.246401	0.211012	1769.027466
10207.421487	0.244973	0.211012	2040.457764
10207.422411	0.244047	0.211012	2265.956787
10207.423290	0.243406	0.211012	2479.910400
10207.424282	0.242897	0.211012	2720.864014
10207.425307	0.265862	0.211012	2993.372314
10207.426201	0.091318	0.211012	3075.010986
10207.427059	0.091926	0.211012	3153.883789
10207.428165	0.092095	0.211012	3255.740479
10207.429067	0.092018	0.211012	3338.740479
10207.429935	0.091989	0.211012	3418.586426
10207.430934	0.091633	0.211012	3510.128174
10207.431940	0.091619	0.211012	3602.296631
10207.432820	0.091399	0.211012	3682.727783
10207.433687	0.091285	0.211012	3761.872314
10207.434755	0.091055	0.211012	3859.118652
10208.414130	0.659454	0.227231	276.970825
10208.415191	0.282517	0.227231	576.721436
10208.416085	0.288988	0.227231	835.076721
10208.416966	0.284630	0.227231	1085.835815
10208.417959	0.270344	0.227231	1354.287598
10208.418910	0.251477	0.227231	1593.442261
10208.419834	0.246445	0.227231	1821.157715
10208.420703	0.245244	0.227231	2034.274902
10208.421754	0.244113	0.227231	2290.837158
10208.422639	0.243457	0.227231	2506.296631
10208.423511	0.242915	0.227231	2718.118652
10208.424492	0.293771	0.227231	3006.307861
10208.425438	0.090476	0.227231	3091.898193
10208.426306	0.091853	0.227231	3171.626709
10208.427244	0.092047	0.227231	3257.966797
10208.428301	0.091959	0.227231	3355.167725
10208.429188	0.091835	0.227231	3436.625000
10208.430054	0.091688	0.227231	3516.027100
10208.431109	0.091439	0.227231	3612.495361
10208.432074	0.091337	0.227231	3700.635254
10208.432950	0.091479	0.227231	3780.771240
10208.433830	0.091051	0.227231	3860.896240
10209.453626	0.624338	0.213276	345.259125
10209.454695	0.284066	0.213276	648.925903
10209.455597	0.288614	0.213276	909.256165
10209.456463	0.282239	0.213276	1153.674927
10209.457578	0.264452	0.213276	1448.538818
10209.458542	0.248240	0.213276	1687.841919
10209.459406	0.246035	0.213276	1900.416260
10209.460510	0.244742	0.213276	2170.611816
10209.461541	0.243801	0.213276	2421.970947
10209.462431	0.243164	0.213276	2638.386963
10209.463380	0.242703	0.213276	2868.711670
10209.464453	0.208971	0.213276	3092.937500
10209.465389	0.091472	0.213276	3178.555420
10209.466247	0.092076	0.213276	3257.556885
10209.467289	0.092073	0.213276	3353.496582
10209.468312	0.091882	0.213276	3447.492187
10209.469207	0.091886	0.213276	3529.730225
10209.470178	0.091501	0.213276	3618.578125
10209.471230	0.091410	0.213276	3714.741455
10209.472151	0.091315	0.213276	3798.842285
10209.473014	0.091340	0.213276	3877.668945
10209.474096	0.091117	0.213276	3976.257568
10210.448836	0.603223	0.230494	263.005066
10210.449704	0.280104	0.230494	506.135132
10210.450825	0.289054	0.230494	830.164612
10210.451797	0.283711	0.230494	1105.931641
10210.452664	0.270132	0.230494	1340.135986
10210.453700	0.250499	0.230494	1599.653198
10210.454758	0.246028	0.230494	1859.950684
10210.455651	0.244896	0.230494	2078.643066
10210.456570	0.243992	0.230494	2302.871338
10210.457644	0.243234	0.230494	2564.104248
10210.458594	0.242776	0.230494	2794.741211
10210.459468	0.268110	0.230494	3029.069580
10210.460531	0.091285	0.230494	3126.105957
10210.461547	0.092124	0.230494	3219.703857
10210.462440	0.092212	0.230494	3302.049072
10210.463400	0.091908	0.230494	3390.280762
10210.464445	0.091754	0.230494	3486.163818
10210.465354	0.091666	0.230494	3569.488525
10210.466215	0.091553	0.230494	3648.315430
10210.467272	0.091340	0.230494	3744.862061
10210.468283	0.091187	0.230494	3837.051758
10210.469154	0.091165	0.230494	3916.456055
10211.492290	0.620654	0.216318	264.398712
10211.493239	0.280371	0.216318	530.470886
10211.494297	0.288970	0.216318	836.200867
10211.495227	0.283802	0.216318	1100.137207
10211.496091	0.270425	0.216318	1333.784180
10211.497159	0.250847	0.216318	1601.688965
10211.498178	0.246193	0.216318	1852.559204
10211.499060	0.245046	0.216318	2068.690186
10211.500042	0.244120	0.216318	2308.416016
10211.501122	0.243333	0.216318	2571.215088
10211.502016	0.242805	0.216318	2788.282959
10211.502887	0.243633	0.216318	3000.487061
10211.503979	0.091311	0.216318	3100.198730
10211.504964	0.092325	0.216318	3191.139404
10211.505856	0.092325	0.216318	3273.493652
10211.506846	0.091985	0.216318	3364.558594
10211.507918	0.091765	0.216318	3462.930908
10211.508803	0.091794	0.216318	3544.168945
10211.509669	0.091461	0.216318	3623.374268
10211.510780	0.091278	0.216318	3724.784180
10211.511742	0.091198	0.216318	3812.516113
10211.512603	0.091293	0.216318	3891.119141
10212.484600	0.578741	0.234159	280.689606
10212.485481	0.281217	0.234159	528.441833
10212.486433	0.289281	0.234159	803.837341
10212.487499	0.284070	0.234159	1106.655762
10212.488430	0.269839	0.234159	1357.875732
10212.489302	0.252177	0.234159	1577.773682
10212.490372	0.246504	0.234159	1841.532837
10212.491392	0.245233	0.234159	2091.670654
10212.492292	0.244189	0.234159	2311.441162
10212.493277	0.243530	0.234159	2551.318359
10212.494344	0.242867	0.234159	2810.458008
10212.495256	0.249716	0.234159	3038.198730
10212.496120	0.091373	0.234159	3117.145264
10212.497214	0.092161	0.234159	3217.968994
10212.498179	0.092098	0.234159	3306.843994
10212.499061	0.092040	0.234159	3388.023193
10212.500089	0.091648	0.234159	3482.237305
10212.501135	0.091652	0.234159	3578.104980
10212.502018	0.091333	0.234159	3658.751953
10212.502891	0.091370	0.234159	3738.517578
10212.503990	0.091198	0.234159	3838.743652
10212.504951	0.091132	0.234159	3926.321045
10213.532085	0.652306	0.204068	274.620789
10213.533051	0.280510	0.204068	545.593689
10213.534126	0.289017	0.204068	856.287354
10213.535069	0.283176	0.204068	1123.322510
10213.535937	0.269766	0.204068	1357.479004
10213.537003	0.250294	0.204068	1624.292603
10213.538002	0.246266	0.204068	1870.312256
10213.538891	0.245149	0.204068	2088.249512
10213.539895	0.244186	0.204068	2333.412109
10213.540936	0.243406	0.204068	2586.797607
10213.541840	0.242875	0.204068	2806.356445
10213.542709	0.237488	0.204068	3012.733398
10213.543808	0.091447	0.204068	3113.233154
10213.544775	0.092128	0.204068	3202.320557
10213.545645	0.092314	0.204068	3282.634033
10213.546636	0.091923	0.204068	3373.729248
10213.547694	0.091696	0.204068	3470.743164
10213.548581	0.091754	0.204068	3552.129150
10213.549445	0.091622	0.204068	3631.290771
10213.550553	0.091208	0.204068	3732.349854
10213.551508	0.091113	0.204068	3819.363037
10213.552379	0.091267	0.204068	3898.856689
10214.519222	0.644788	0.238719	271.455597
10214.520315	0.282781	0.238719	580.534973
10214.521317	0.288867	0.238719	869.979919
10214.522201	0.283063	0.238719	1120.207397
10214.523213	0.267612	0.238719	1391.031006
10214.524280	0.249042	0.238719	1656.758545
10214.525152	0.246310	0.238719	1871.540649
10214.526048	0.245215	0.238719	2091.253174
10214.527134	0.244182	0.238719	2356.435059
10214.528105	0.243391	0.238719	2592.767822
10214.528982	0.242941	0.238719	2805.826904
10214.530023	0.232518	0.238719	3047.878418
10214.531059	0.091351	0.238719	3142.518311
10214.531947	0.092494	0.238719	3224.652832
10214.532895	0.092124	0.238719	3311.986328
10214.533958	0.091908	0.238719	3409.684570
10214.534896	0.091820	0.238719	3495.811768
10214.535765	0.091633	0.238719	3575.441162
10214.536841	0.091388	0.238719	3673.774658
10214.537854	0.091490	0.238719	3766.454590
10214.538744	0.091201	0.238719	3847.623535
10214.539715	0.091172	0.238719	3936.151367
10215.569952	0.538755	0.206871	275.842499
10215.570973	0.283348	0.206871	565.141235
10215.571867	0.289025	0.206871	823.529297
10215.572823	0.283015	0.206871	1094.091797
10215.573898	0.265441	0.206871	1379.440552
10215.574828	0.248866	0.206871	1610.885864
10215.575701	0.246178	0.206871	1825.799194
10215.576770	0.244720	0.206871	2087.405273
10215.577778	0.243805	0.206871	2333.160645
10215.578676	0.243226	0.206871	2551.577881
10215.579648	0.242750	0.206871	2787.531006
10215.580706	0.225048	0.206871	3025.631348
10215.581609	0.091289	0.206871	3108.065430
10215.582472	0.092296	0.206871	3187.717041
10215.583565	0.092120	0.206871	3288.404541
10215.584552	0.091974	0.206871	3379.182861
10215.585426	0.091776	0.206871	3459.395264
10215.586438	0.091509	0.206871	3552.002197
10215.587496	0.091476	0.206871	3648.783691
10215.588375	0.091498	0.206871	3729.210205
10215.589277	0.091106	0.206871	3811.387695
10215.590147	0.091282	0.206871	3890.802734
10216.556049	0.644352	0.238997	331.196808
10216.557095	0.283586	0.238997	627.828247
10216.558033	0.289094	0.238997	898.998657
10216.558900	0.283228	0.238997	1144.556885
10216.559981	0.266191	0.238997	1432.309814
10216.560988	0.248690	0.238997	1682.740845
10216.561866	0.246310	0.238997	1899.000854
10216.562843	0.245065	0.238997	2138.428955
10216.563902	0.243970	0.238997	2396.792969
10216.564814	0.243252	0.238997	2618.638672
10216.565677	0.242812	0.238997	2828.185791
10216.566774	0.236682	0.238997	3087.826172
10216.567767	0.091395	0.238997	3178.581787
10216.568636	0.092388	0.238997	3258.866699
10216.569617	0.092267	0.238997	3349.380371
10216.570664	0.092062	0.238997	3445.769043
10216.571577	0.091813	0.238997	3529.593994
10216.572501	0.091421	0.238997	3614.066895
10216.573374	0.091523	0.238997	3693.966797
10216.574313	0.091428	0.238997	3779.817871
10216.575263	0.091124	0.238997	3866.385986
10216.576147	0.091355	0.238997	3947.143799
10217.607637	0.562537	0.207165	247.516098
10217.608527	0.280734	0.207165	497.369049
10217.609404	0.289109	0.207165	750.917542
10217.610406	0.284930	0.207165	1036.417847
10217.611356	0.271428	0.207165	1294.274658
10217.612290	0.252968	0.207165	1530.546387
10217.613157	0.246899	0.207165	1744.608154
10217.614215	0.245310	0.207165	2004.146240
10217.615112	0.244340	0.207165	2223.318848
10217.615993	0.243724	0.207165	2438.040039
10217.617002	0.243105	0.207165	2683.333496
10217.617945	0.328297	0.207165	2992.917725
10217.618875	0.090524	0.207165	3077.104736
10217.619734	0.091769	0.207165	3155.934082
10217.620747	0.092300	0.207165	3249.433838
10217.621640	0.092098	0.207165	3331.677734
10217.622509	0.092098	0.207165	3411.711182
10217.623449	0.091633	0.207165	3497.846436
10217.624431	0.091406	0.207165	3587.607422
10217.625339	0.091739	0.207165	3670.906982
10217.626213	0.091534	0.207165	3750.907959
10217.627299	0.091227	0.207165	3849.980225
10218.591674	0.629202	0.247195	268.039917
10218.592548	0.279855	0.247195	512.632935
10218.593549	0.289314	0.247195	802.236206
10218.594498	0.285582	0.247195	1073.253784
10218.595421	0.272563	0.247195	1324.829834
10218.596289	0.254659	0.247195	1545.874268
10218.597337	0.246786	0.247195	1804.505859
10218.598215	0.245493	0.247195	2020.048828
10218.599095	0.244471	0.247195	2235.183594
10218.600050	0.243699	0.247195	2467.915771
10218.601026	0.243120	0.247195	2705.200928
10218.601945	0.332659	0.247195	3010.914307
10218.602832	0.092692	0.247195	3093.131836
10218.603878	0.091791	0.247195	3189.145020
10218.604783	0.092080	0.247195	3272.477539
10218.605655	0.092047	0.247195	3352.742676
10218.606545	0.091941	0.247195	3434.570068
10218.607578	0.091663	0.247195	3529.257568
10218.608464	0.091600	0.247195	3610.415527
10218.609329	0.091340	0.247195	3689.424805
10218.610320	0.091483	0.247195	3780.084717
10218.611239	0.091234	0.247195	3863.928955
10219.646425	0.660359	0.206319	300.463287
10219.647447	0.282642	0.206319	589.322998
10219.648337	0.289347	0.206319	846.841797
10219.649209	0.285582	0.206319	1095.869507
10219.650210	0.271417	0.206319	1367.558105
10219.651137	0.252605	0.206319	1601.722900
10219.652065	0.246724	0.206319	1830.682373
10219.652937	0.245453	0.206319	2044.717285
10219.653979	0.244351	0.206319	2299.330566
10219.654877	0.243629	0.206319	2518.109619
10219.655753	0.243127	0.206319	2731.089355
10219.656730	0.296144	0.206319	3020.421875
10219.657696	0.090667	0.206319	3108.005615
10219.658619	0.091868	0.206319	3192.799561
10219.659485	0.092296	0.206319	3272.728027
10219.660528	0.092054	0.206319	3368.740723
10219.661394	0.091945	0.206319	3448.364746
10219.662272	0.091864	0.206319	3529.021240
10219.663176	0.091604	0.206319	3611.831299
10219.664185	0.091560	0.206319	3704.215332
10219.665111	0.091245	0.206319	3788.708252
10219.665987	0.091187	0.206319	3868.587646
10220.628415	0.630333	0.240133	271.673615
10220.629278	0.279844	0.240133	513.178772
10220.630336	0.289347	0.240133	819.307861
10220.631232	0.285469	0.240133	1075.087891
10220.632110	0.273043	0.240133	1314.819824
10220.633007	0.254872	0.240133	1543.439819
10220.634038	0.246819	0.240133	1797.910034
10220.634925	0.245581	0.240133	2015.740479
10220.635792	0.244640	0.240133	2227.843262
10220.636803	0.243732	0.240133	2474.255859
10220.637715	0.243058	0.240133	2695.924561
10220.638637	0.231442	0.240133	2909.313721
10220.639505	0.203895	0.240133	3086.294922
10220.640557	0.091835	0.240133	3182.905029
10220.641446	0.092227	0.240133	3264.894531
10220.642318	0.092249	0.240133	3345.335205
10220.643298	0.091901	0.240133	3435.397949
10220.644260	0.091490	0.240133	3523.411865
10220.645134	0.091487	0.240133	3603.371338
10220.646074	0.091340	0.240133	3689.231201
10220.647120	0.091216	0.240133	3784.643066
10220.648001	0.091340	0.240133	3865.114014
10221.684174	0.634299	0.200265	279.725983
10221.685038	0.280082	0.200265	521.716675
10221.686113	0.289490	0.200265	832.918152
10221.687127	0.284114	0.200265	1121.009521
10221.687999	0.270337	0.200265	1356.743286
10221.688973	0.251759	0.200265	1601.956543
10221.690055	0.246467	0.200265	1868.634155
10221.690966	0.245306	0.200265	2092.108398
10221.691835	0.244222	0.200265	2304.337646
10221.692921	0.243435	0.200265	2568.708008
10221.693933	0.242882	0.200265	2814.504639
10221.694841	0.261522	0.200265	3051.966797
10221.695834	0.091454	0.200265	3142.780518
10221.696886	0.092142	0.200265	3239.714355
10221.697769	0.092479	0.200265	3321.373535
10221.698652	0.091919	0.200265	3402.538086
10221.699749	0.091630	0.200265	3503.055908
10221.700710	0.091630	0.200265	3591.112061
10221.701577	0.091593	0.200265	3670.523193
10221.702616	0.091223	0.200265	3765.303955
10221.703643	0.091249	0.200265	3859.016357
10221.704544	0.091278	0.200265	3941.257812
10222.665140	0.656290	0.245938	275.641937
10222.666131	0.281093	0.245938	554.204590
10222.667126	0.289127	0.245938	841.886169
10222.668021	0.284777	0.245938	1096.761230
10222.668885	0.271787	0.245938	1331.585327
10222.669993	0.251338	0.245938	1610.067749
10222.670900	0.246288	0.245938	1833.450806
10222.671776	0.245087	0.245938	2048.146729
10222.672771	0.244156	0.245938	2291.082520
10222.673781	0.243285	0.245938	2536.800293
10222.674663	0.242922	0.245938	2751.057861
10222.675668	0.274731	0.245938	3027.162842
10222.676729	0.091329	0.245938	3124.063232
10222.677612	0.092164	0.245938	3205.444336
10222.678484	0.092201	0.245938	3285.843506
10222.679578	0.091941	0.245938	3386.426758
10222.680556	0.091787	0.245938	3476.194580
10222.681422	0.091736	0.245938	3555.637695
10222.682475	0.091458	0.245938	3651.942383
10222.683519	0.091293	0.245938	3747.251953
10222.684412	0.091135	0.245938	3828.635742
10222.685325	0.091172	0.245938	3911.875732
10223.721997	0.647274	0.198750	326.226166
10223.723057	0.283411	0.198750	626.641479
10223.723988	0.289036	0.198750	895.733643
10223.724852	0.283374	0.198750	1140.568848
10223.725937	0.266631	0.198750	1429.863281
10223.726951	0.248881	0.198750	1682.228271
10223.727831	0.246149	0.198750	1898.839111
10223.728827	0.244878	0.198750	2142.737549
10223.729883	0.243962	0.198750	2400.361816
10223.730793	0.243303	0.198750	2621.767822
10223.731656	0.242853	0.198750	2831.349854
10223.732772	0.224370	0.198750	3081.746826
10223.733752	0.091300	0.198750	3171.220947
10223.734644	0.092142	0.198750	3253.411865
10223.735639	0.092172	0.198750	3345.122559
10223.736689	0.091802	0.198750	3441.514404
10223.737578	0.091791	0.198750	3523.116455
10223.738457	0.091622	0.198750	3603.652588
10223.739550	0.091348	0.198750	3703.495605
10223.740504	0.091230	0.198750	3790.529541
10223.741376	0.091154	0.198750	3870.015381
10223.742421	0.091117	0.198750	3965.232666
10224.702996	0.560541	0.237402	285.875793
10224.703930	0.282286	0.237402	549.531250
10224.704809	0.289072	0.237402	803.625732
10224.705775	0.284312	0.237402	1078.270630
10224.706808	0.269121	0.237402	1356.272705
10224.707701	0.251448	0.237402	1580.815552
10224.708565	0.246727	0.237402	1793.987915
10224.709640	0.245339	0.237402	2057.727783
10224.710567	0.244398	0.237402	2284.284912
10224.711435	0.243647	0.237402	2495.770996
10224.712524	0.242970	0.237402	2760.365234
10224.713530	0.269813	0.237402	3031.797363
10224.714400	0.091176	0.237402	3111.120117
10224.715390	0.091970	0.237402	3202.170654
10224.716444	0.092025	0.237402	3299.165039
10224.717340	0.092040	0.237402	3381.632812
10224.718207	0.091787	0.237402	3461.212158
10224.719272	0.091531	0.237402	3558.692383
10224.720278	0.091381	0.237402	3650.621338
10224.721174	0.091483	0.237402	3732.590332
10224.722156	0.091227	0.237402	3822.175049
10224.723220	0.091230	0.237402	3919.244141
10225.758792	0.502698	0.199081	286.035034
10225.759840	0.284575	0.199081	584.269836
10225.760732	0.289413	0.199081	842.426147
10225.761649	0.283015	0.199081	1101.951050
10225.762740	0.265426	0.199081	1391.530762
10225.763699	0.248840	0.199081	1630.168701
10225.764566	0.246368	0.199081	1843.770142
10225.765616	0.245131	0.199081	2101.157227
10225.766643	0.244116	0.199081	2351.864502
10225.767526	0.243402	0.199081	2566.788574
10225.768503	0.242977	0.199081	2804.177490
10225.769565	0.214153	0.199081	3031.607910
10225.770481	0.091355	0.199081	3115.289062
10225.771337	0.092058	0.199081	3194.090820
10225.772388	0.092076	0.199081	3290.863037
10225.773397	0.091710	0.199081	3383.398682
10225.774282	0.091875	0.199081	3464.708008
10225.775253	0.091549	0.199081	3553.602051
10225.776310	0.091377	0.199081	3650.187500
10225.777229	0.091241	0.199081	3734.038330
10225.778097	0.091293	0.199081	3813.280518
10225.779180	0.091099	0.199081	3911.940430
