time (s)	theta (A)	maj axis/z0	min axis/z0	crossing#mod 255
2958.439884	271.147522	-0.492405	0.028347	227
2960.468080	270.921326	-0.487254	0.028438	229
2962.510155	271.087738	-0.496152	0.028661	231
2964.553255	271.274353	-0.504644	0.026923	233
2966.595705	271.347870	-0.511895	0.027034	235
2968.630308	271.431732	-0.518269	0.025608	237
2970.666982	271.284943	-0.525615	0.026054	239
2972.697851	270.596344	-0.531505	0.025404	241
2974.735004	270.219879	-0.532008	0.025240	243
2976.773001	270.466614	-0.537975	0.024390	245
2978.817264	270.904968	-0.545367	0.023053	247
2980.856710	270.870331	-0.557204	0.023168	249
2982.897470	271.041260	-0.563936	0.022501	251
2984.932389	270.980011	-0.572260	0.022834	253
2986.968360	270.761230	-0.579053	0.022317	255
2989.004277	270.462463	-0.583561	0.021994	1
2991.039653	270.301300	-0.588463	0.021822	3
2993.075102	270.225311	-0.594488	0.021597	5
2995.113595	270.215790	-0.600269	0.021120	7
2997.149876	270.183624	-0.606238	0.020856	9
2999.189158	270.170227	-0.613854	0.021081	11
3001.228571	270.194336	-0.620446	0.021248	13
3003.267772	270.130829	-0.627720	0.021319	15
3005.304986	270.001831	-0.634269	0.021337	17
3007.341235	269.964050	-0.641031	0.021191	19
3009.376150	270.076721	-0.646608	0.020586	21
3011.408362	270.295868	-0.648391	0.020069	23
3013.441662	270.249084	-0.650304	0.020335	25
3015.477689	270.099213	-0.654110	0.019909	27
3017.515650	269.904388	-0.660881	0.020383	29
3019.555299	269.866516	-0.669611	0.020398	31
3021.595518	269.882568	-0.678079	0.020061	33
3023.634209	269.858276	-0.685054	0.020475	35
3025.669222	269.776276	-0.691643	0.020179	37
3027.705774	269.755188	-0.697575	0.020525	39
3029.742195	269.751740	-0.702306	0.019998	41
3031.777390	269.716827	-0.706108	0.020256	43
3033.812473	269.731140	-0.711679	0.020613	45
3035.849161	269.723175	-0.715461	0.020452	47
3037.885741	269.715485	-0.720385	0.020633	49
3039.921047	269.801575	-0.725230	0.020433	51
3041.956825	269.833588	-0.730003	0.020146	53
3043.991242	269.753296	-0.735579	0.020409	55
3046.024221	269.444672	-0.739092	0.020820	57
3048.056527	269.148193	-0.740305	0.020723	59
3050.090261	268.937317	-0.741961	0.020783	61
3052.125561	268.994873	-0.744382	0.020920	63
3054.162436	268.591339	-0.783289	0.100000	65
3056.201055	269.202728	-0.756465	0.020832	67
3058.238635	269.264008	-0.762893	0.020971	69
3060.275268	269.257111	-0.767179	0.021193	71
3062.311301	269.270264	-0.772206	0.020946	73
3064.347225	269.256348	-0.775033	0.020983	75
3066.381992	269.251465	-0.779532	0.021139	77
3068.416446	269.155548	-0.782014	0.021104	79
3070.451591	269.144501	-0.785802	0.021149	81
3072.487220	269.080048	-0.789641	0.021007	83
3074.522604	268.995331	-0.793256	0.021259	85
3076.557817	268.895538	-0.797494	0.021492	87
3078.592941	277.797028	-0.779062	0.100000	89
3080.627170	88.741547	0.805934	-0.021653	91
3082.661540	268.745728	-0.808644	0.021794	93
3084.694221	88.912941	0.809753	-0.021738	95
3086.727718	88.888031	0.811702	-0.021746	97
3088.760058	88.926544	0.811612	-0.021861	99
3090.794220	88.814888	0.812775	-0.021977	101
3092.829368	88.682137	0.816066	-0.021985	103
3094.866215	88.596703	0.822262	-0.022065	105
3096.902624	88.592293	0.827645	-0.022160	107
3098.939692	268.616302	-0.831646	0.022415	109
3100.975950	88.585968	0.836450	-0.022872	111
3103.009874	88.567719	0.838663	-0.022776	113
3105.045998	88.669487	0.840901	-0.023833	115
3107.080274	268.452454	-0.846852	0.023930	117
3109.115378	88.613754	0.848650	-0.023601	119
3111.150062	88.615646	0.851889	-0.023524	121
3113.184684	88.564957	0.854109	-0.023893	123
3115.219061	88.592316	0.856550	-0.023587	125
3117.252326	88.506020	0.858970	-0.024611	127
3119.285520	88.383224	0.860471	-0.023997	129
3121.319266	88.205627	0.860923	-0.024564	131
3123.352060	88.001472	0.861259	-0.024196	133
3125.385599	87.832253	0.861068	-0.024513	135
3127.419742	87.813904	0.862116	-0.025152	137
3129.454525	87.931854	0.864523	-0.025229	139
3131.490252	87.962540	0.868573	-0.025402	141
3133.526122	88.029060	0.873400	-0.025781	143
3135.561608	87.970680	0.876930	-0.025583	145
3137.597044	88.025276	0.878896	-0.025932	147
3139.632809	87.909729	0.883986	-0.026470	149
3141.667938	87.902084	0.887770	-0.026820	151
3143.702498	87.781372	0.889996	-0.027193	153
3145.737390	87.814354	0.890864	-0.027372	155
3147.771477	87.674034	0.892449	-0.027369	157
3149.806556	87.707542	0.895261	-0.027629	159
3151.840504	87.575363	0.896379	-0.027774	161
3153.874250	87.565331	0.899208	-0.028116	163
3155.908100	87.503304	0.900640	-0.028233	165
3157.941202	87.530144	0.902357	-0.028056	167
3159.974536	87.540428	0.903253	-0.029022	169
3162.007379	87.610565	0.902694	-0.028835	171
3164.040191	87.531029	0.901329	-0.029426	173
3166.074228	87.436844	0.902745	-0.029352	175
3168.107835	87.303368	0.902051	-0.029398	177
3170.142976	87.186623	0.906463	-0.028916	179
3172.178386	87.150467	0.909776	-0.029343	181
3174.213615	87.163513	0.913139	-0.029410	183
3176.249114	87.185257	0.916751	-0.029688	185
3178.284561	87.222137	0.918869	-0.029936	187
3180.318709	87.286819	0.931666	-0.029249	189
3182.352129	87.207718	0.931615	-0.030223	191
3184.385534	87.176201	0.930175	-0.030855	193
3186.418512	87.143288	0.930273	-0.031219	195
3188.451497	87.101097	0.929379	-0.031963	197
3190.484505	87.070419	0.927688	-0.031814	199
3192.517395	86.989677	0.926007	-0.032168	201
3194.549253	86.852959	0.923097	-0.032181	203
3196.581491	86.636551	0.921091	-0.032773	205
3198.613756	86.468552	0.919666	-0.033390	207
3200.645847	86.380241	0.917126	-0.033694	209
3202.678631	86.338898	0.915266	-0.034435	211
3204.712073	86.351929	0.912942	-0.034577	213
3206.745806	86.403526	0.913799	-0.035431	215
3208.779616	86.430733	0.914706	-0.035851	217
3210.813939	86.516472	0.913309	-0.035998	219
3212.848080	86.494385	0.913153	-0.035715	221
3214.881821	86.432961	0.912721	-0.036441	223
3216.915745	86.394585	0.911460	-0.036654	225
3218.949494	86.377113	0.911859	-0.036893	227
3220.982904	86.319672	0.910108	-0.037149	229
3223.015770	86.299217	0.908618	-0.036947	231
3225.048962	86.158775	0.908667	-0.038100	233
3227.081754	86.178337	0.907393	-0.038412	235
3229.114265	86.132637	0.906083	-0.038625	237
3231.146719	86.081902	0.904000	-0.039011	239
3233.178967	86.075958	0.903746	-0.039359	241
3235.211111	86.077568	0.901677	-0.039771	243
3237.243264	86.001648	0.898841	-0.039954	245
3239.275785	85.932747	0.896115	-0.040326	247
3241.308338	85.802002	0.894855	-0.040664	249
3243.341445	85.750580	0.894662	-0.040912	251
3245.375085	85.661194	0.893376	-0.041158	253
3247.409162	85.628082	0.893571	-0.040853	255
3249.443178	85.630051	0.894076	-0.040985	1
3251.477114	85.618317	0.894251	-0.041299	3
3253.510744	85.661392	0.894651	-0.042417	5
3255.544806	85.652367	0.894475	-0.042050	7
3257.578573	85.687149	0.893186	-0.041988	9
3259.611867	85.674965	0.892738	-0.042497	11
3261.645116	85.658646	0.891622	-0.042545	13
3263.677862	85.577850	0.889444	-0.042833	15
3265.710639	85.494926	0.888763	-0.043237	17
3267.743058	85.366989	0.887525	-0.043523	19
3269.775485	85.240105	0.885908	-0.043705	21
3271.807812	85.104721	0.884360	-0.044317	23
3273.840157	84.988281	0.881816	-0.044634	25
3275.872886	84.929619	0.880033	-0.045085	27
3277.905632	87.908966	0.857003	-0.100000	29
3279.938604	84.899948	0.877253	-0.046126	31
3281.972181	88.755630	0.858926	-0.100000	33
3284.006245	85.003540	0.877931	-0.046676	35
3286.039569	265.011230	-0.876995	0.047170	37
3288.073385	90.345917	0.858348	-0.100000	39
3290.107003	94.024445	0.874460	-0.100000	41
3292.140675	84.942955	0.878688	-0.048218	43
3294.174469	84.920509	0.877135	-0.048237	45
3296.208115	264.890350	-0.875866	0.048692	47
3298.240843	84.867874	0.875953	-0.049079	49
3300.274300	84.815056	0.874372	-0.049313	51
3302.307234	84.754471	0.873003	-0.049428	53
3304.339498	93.464111	0.857632	-0.100000	55
3306.371882	41.070457	0.829937	-0.100000	57
3308.404150	84.634995	0.868470	-0.050353	59
3310.436804	264.625610	-0.864893	0.050588	61
3312.469307	79.984360	0.833005	-0.100000	63
3314.501949	264.417206	-0.861584	0.050755	65
3316.534621	264.313660	-0.859802	0.051366	67
3318.567504	264.194763	-0.859835	0.051322	69
3320.601025	264.182617	-0.859086	0.051357	71
3322.634795	84.140434	0.859655	-0.051404	73
3324.668743	267.125854	-0.795644	0.100000	75
3326.702243	84.108795	0.858503	-0.051590	77
3328.736195	84.153915	0.858430	-0.051745	79
3330.769417	274.217072	-0.843305	0.100000	81
3332.803166	264.135437	-0.858028	0.052319	83
3334.836423	264.100037	-0.857615	0.052810	85
3336.869612	262.914703	-0.856613	0.100000	87
3338.902074	267.076996	-0.841348	0.100000	89
3340.934955	262.928741	-0.857259	0.100000	91
3342.967721	267.537048	-0.841362	0.100000	93
3345.000168	266.999695	-0.834318	0.100000	95
3347.032288	265.530487	-0.860311	0.100000	97
3349.064912	267.297577	-0.824048	0.100000	99
3351.097570	263.420532	-0.846291	0.055723	101
3353.129523	263.308044	-0.843162	0.055653	103
3355.162140	263.296967	-0.841896	0.056297	105
3357.195547	263.295898	-0.841103	0.056572	107
3359.229270	263.296753	-0.841556	0.056546	109
3361.261752	263.274017	-0.840928	0.057420	111
3363.295706	263.331329	-0.839831	0.057466	113
3365.329231	267.464844	-0.820102	0.100000	115
3367.362746	263.271423	-0.838599	0.057886	117
3369.397818	263.392426	-0.836606	0.057754	119
