crossing time (s)	slope (V/s)	crossing number
10970.683408	15.185954	3915
10971.700264	15.844825	3916
10972.723188	15.028880	3917
10973.733717	15.755623	3918
10974.760622	14.710790	3919
10975.768344	15.309252	3920
10976.799099	14.474914	3921
10977.803893	14.904281	3922
10978.837342	14.581321	3923
10979.841427	14.894614	3924
10980.875362	14.423458	3925
10981.880146	14.625354	3926
10982.911746	14.003162	3927
10983.920991	14.273126	3928
10984.944771	13.877589	3929
10985.961551	14.265309	3930
10986.978005	14.206835	3931
10988.004808	14.367320	3932
10989.009103	14.046704	3933
10990.047508	14.297450	3934
10991.040658	14.060968	3935
10992.086171	14.188146	3936
10993.076317	14.383096	3937
10994.122110	14.222812	3938
10995.120071	14.073453	3939
10996.151965	14.139398	3940
10997.165062	14.346237	3941
10998.179762	14.490540	3942
10999.208085	14.506390	3943
11000.213172	14.607952	3944
11001.248894	14.336036	3945
11002.249923	14.222113	3946
11003.284815	13.941900	3947
11004.289969	13.887850	3948
11005.317124	13.965191	3949
11006.330998	13.865268	3950
11007.350167	13.891710	3951
11008.372644	13.985253	3952
11009.382452	13.817310	3953
11010.414476	14.014503	3954
11011.415056	13.899594	3955
11012.452963	14.028572	3956
11013.450818	14.106998	3957
11014.491633	14.034196	3958
11015.487692	14.019370	3959
11016.530343	13.967722	3960
11017.523393	13.856750	3961
11018.566859	13.821687	3962
11019.560517	13.770828	3963
11020.603973	13.888073	3964
11021.597208	13.808614	3965
11022.639256	13.964890	3966
11023.636167	13.767847	3967
11024.674335	13.950109	3968
11025.676573	13.554920	3969
11026.708480	13.865816	3970
11027.717798	13.534463	3971
11028.741040	13.887214	3972
11029.758778	13.583228	3973
11030.773671	14.005377	3974
11031.800551	13.650784	3975
11032.806500	13.936624	3976
11033.840094	13.734282	3977
11034.841017	13.941149	3978
11035.877719	13.814678	3979
11036.879992	13.891932	3980
11037.911439	14.074501	3981
11038.920995	13.763384	3982
11039.943524	14.001820	3983
11040.965091	13.730505	3984
11041.972067	13.796876	3985
11043.008920	13.688629	3986
11044.003660	13.687439	3987
11045.050524	13.751804	3988
11046.039087	13.586994	3989
11047.086098	13.657368	3990
11048.079490	13.259056	3991
11049.119033	13.454649	3992
11050.120248	13.292067	3993
11051.151996	13.539237	3994
11052.160126	13.353769	3995
11053.186532	13.502419	3996
11054.199762	13.300289	3997
11055.221984	13.319004	3998
11056.237933	13.292606	3999
11057.259281	13.204422	4000
11058.274167	13.183470	4001
11059.296786	13.152708	4002
11060.308542	13.133812	4003
11061.336704	13.258260	4004
11062.342611	13.128767	4005
11063.379103	13.145314	4006
11064.375378	13.248424	4007
11065.418714	13.343449	4008
11066.407770	13.111027	4009
11067.457327	13.300618	4010
11068.446248	13.048417	4011
11069.492493	13.209202	4012
11070.488671	13.107024	4013
11071.522880	13.381587	4014
11072.531718	13.112508	4015
11073.553057	13.279362	4016
11074.574890	13.080811	4017
11075.584910	13.255685	4018
11076.616401	13.093822	4019
11077.618823	13.270510	4020
11078.654938	13.136334	4021
11079.656405	13.142018	4022
11080.691606	13.158374	4023
11081.693952	13.034075	4024
11082.727053	12.999329	4025
11083.733950	13.112835	4026
11084.763451	12.978495	4027
11085.772095	12.972278	4028
11086.797234	13.100316	4029
11087.811445	12.832392	4030
11088.831568	13.103455	4031
11089.849684	12.944460	4032
11090.866760	12.950046	4033
11091.886982	12.814240	4034
11092.903128	12.865302	4035
11093.925348	12.687081	4036
11094.940345	12.872487	4037
11095.962330	12.642091	4038
11096.978236	12.803182	4039
11097.998418	12.627917	4040
11099.015783	12.694468	4041
11100.034486	12.715081	4042
11101.054555	12.602130	4043
11102.069289	12.837037	4044
11103.094323	12.881990	4045
11104.104225	12.837027	4046
11105.133354	12.910649	4047
11106.137850	12.905380	4048
11107.172515	12.919672	4049
11108.174999	13.042923	4050
11109.210614	12.948331	4051
11110.210591	12.957673	4052
11111.248552	12.937774	4053
11112.248942	12.909801	4054
11113.283237	13.015189	4055
11114.288799	12.890565	4056
11115.314989	13.199789	4057
11116.332384	13.018258	4058
11117.346286	13.377024	4059
11118.375597	13.200399	4060
11119.376497	13.213653	4061
11120.417028	13.055763	4062
11121.410091	13.079258	4063
11122.457140	12.975698	4064
11123.445203	12.842289	4065
11124.493146	13.036648	4066
11125.485990	12.455040	4067
11126.529518	13.005387	4068
11127.525009	12.590674	4069
11128.562573	12.882427	4070
11129.565518	12.838585	4071
11130.597680	12.714087	4072
11131.603351	12.781794	4073
11132.633816	12.687919	4074
11133.639754	12.943911	4075
11134.671295	12.480293	4076
11135.676196	12.907728	4077
11136.710173	12.453891	4078
11137.710494	12.925611	4079
11138.750306	12.598850	4080
11139.744370	12.869640	4081
11140.789764	12.774595	4082
11141.780817	12.896853	4083
11142.828290	12.980059	4084
11143.817045	12.921434	4085
11144.863622	12.906007	4086
11145.856466	12.829496	4087
11146.895922	12.879980	4088
11147.898378	12.836023	4089
11148.927933	12.917754	4090
11149.942244	12.730292	4091
11150.959095	12.892868	4092
11151.982633	12.766669	4093
11152.992641	12.800168	4094
11154.023849	12.739860	4095
11155.027488	12.840462	4096
11156.063228	12.733072	4097
11157.063257	12.818099	4098
11158.100690	12.697175	4099
11159.099868	12.919855	4100
11160.135677	12.796192	4101
11161.137352	12.771016	4102
11162.172772	12.561544	4103
11163.175126	12.902961	4104
11164.209548	12.569349	4105
11165.212467	12.555590	4106
11166.245388	12.200199	4107
11167.248564	12.598456	4108
11168.283745	12.499875	4109
11169.286831	12.694278	4110
11170.321679	12.562771	4111
11171.322897	12.705605	4112
11172.358857	12.647648	4113
11173.357816	12.631985	4114
11174.396499	12.504798	4115
11175.396631	12.671436	4116
11176.433609	12.621967	4117
11177.432693	12.617169	4118
11178.470256	12.663234	4119
11179.471904	12.697667	4120
11180.503933	12.827169	4121
11181.510502	12.469853	4122
11182.537564	12.912800	4123
11183.553610	12.564828	4124
11184.569261	12.679015	4125
11185.595821	12.791853	4126
11186.601399	12.962538	4127
11187.635660	12.685901	4128
11188.633835	12.880225	4129
11189.678346	12.637709	4130
11190.669150	12.809609	4131
11191.715710	12.603475	4132
11192.705812	12.277403	4133
11193.752163	12.576535	4134
11194.743316	12.203699	4135
11195.788721	12.552432	4136
11196.783468	12.281237	4137
11197.823240	12.380844	4138
11198.822600	12.279578	4139
11199.859945	12.260752	4140
11200.858439	12.346192	4141
11201.896528	12.047644	4142
11202.894718	12.407449	4143
11203.933841	12.146541	4144
11204.931042	12.561791	4145
11205.972270	12.241308	4146
11206.966008	12.512309	4147
11208.011817	12.464012	4148
11209.000497	12.385194	4149
11210.048936	12.410552	4150
11211.037850	12.228080	4151
11212.083715	12.203279	4152
11213.077077	12.295590	4153
11214.118086	12.020638	4154
11215.117268	12.144583	4155
11216.151398	12.137589	4156
11217.159667	11.966296	4157
11218.182474	12.113450	4158
11219.200547	12.037519	4159
11220.214978	12.108960	4160
11221.242161	12.175829	4161
11222.247612	12.278088	4162
11223.281238	12.176731	4163
11224.285850	12.062148	4164
11225.319111	12.063271	4165
11226.319933	11.897384	4166
11227.357059	11.890126	4167
11228.356539	11.941926	4168
11229.394273	12.050886	4169
11230.392860	11.956578	4170
11231.431385	12.002454	4171
11232.430421	11.963560	4172
11233.468989	11.928524	4173
11234.465603	11.962876	4174
11235.505187	12.017192	4175
11236.503260	11.914757	4176
11237.541842	11.970875	4177
11238.540115	11.780119	4178
11239.577229	11.917039	4179
11240.579650	11.910583	4180
11241.612399	11.975619	4181
11242.617345	11.881018	4182
11243.647054	12.014788	4183
11244.657785	11.799296	4184
11245.679738	11.980855	4185
11246.698820	11.762704	4186
11247.711913	11.898350	4187
11248.741343	11.732764	4188
11249.744025	11.919539	4189
11250.781885	11.660629	4190
11251.776296	11.800844	4191
11252.822125	11.563751	4192
11253.811533	11.718371	4193
11254.859375	11.648382	4194
11255.847524	11.467116	4195
11256.896096	11.745562	4196
11257.885217	11.646237	4197
11258.930641	11.796593	4198
11259.924264	11.375094	4199
11260.970267	11.571559	4200
11261.961486	11.523421	4201
11263.003959	11.514485	4202
11263.998303	11.519573	4203
11265.040512	11.492786	4204
11266.033943	11.568805	4205
11267.078231	11.495707	4206
11268.071709	11.396934	4207
11269.116963	11.351697	4208
11270.106218	11.493212	4209
11271.154337	11.294416	4210
11272.142480	11.450077	4211
11273.192040	11.288694	4212
11274.181578	11.486949	4213
11275.226384	11.230074	4214
11276.219663	11.425507	4215
11277.260198	11.251494	4216
11278.260718	11.271379	4217
11279.293301	11.258568	4218
11280.301375	11.291689	4219
11281.325368	11.345568	4220
11282.343531	11.256708	4221
11283.356825	11.388067	4222
11284.383708	11.298372	4223
11285.390796	11.356902	4224
11286.422668	11.230311	4225
11287.426106	11.216214	4226
11288.460405	11.215865	4227
11289.461967	11.137777	4228
11290.498128	11.160939	4229
11291.498325	11.258321	4230
11292.536091	11.192175	4231
11293.535281	11.224660	4232
11294.571769	11.219934	4233
11295.571417	11.239533	4234
11296.609199	11.095941	4235
11297.608799	11.164898	4236
11298.644050	11.093081	4237
11299.647267	11.151244	4238
11300.680523	11.095587	4239
11301.685335	11.099091	4240
11302.715678	11.104857	4241
11303.724326	11.072318	4242
11304.748774	11.011404	4243
11305.764616	10.958344	4244
11306.782195	11.010227	4245
11307.804798	10.913458	4246
11308.813623	10.971088	4247
11309.847145	10.883280	4248
11310.845992	11.080401	4249
11311.888436	10.868764	4250
11312.878512	11.021246	4251
11313.927310	10.874943	4252
11314.914660	10.838995	4253
11315.964837	10.884672	4254
11316.950288	10.764096	4255
11318.000641	10.777803	4256
11318.989454	10.751234	4257
11320.036259	10.778557	4258
11321.026912	10.704699	4259
11322.071834	10.754735	4260
11323.064630	10.564769	4261
11324.109416	10.638898	4262
11325.100163	10.591222	4263
11326.144992	10.687398	4264
11327.137081	10.755946	4265
11328.183016	10.644280	4266
11329.171298	10.578570	4267
11330.221691	10.614105	4268
11331.207902	10.701003	4269
11332.259134	10.578040	4270
11333.244296	10.630721	4271
11334.294152	10.587588	4272
11335.282439	10.548117	4273
11336.329228	10.663043	4274
11337.321470	10.530297	4275
11338.363523	10.550457	4276
11339.360641	10.479884	4277
11340.396006	10.585238	4278
11341.402713	10.418815	4279
11342.427515	10.544656	4280
11343.442923	10.472923	4281
11344.460108	10.520900	4282
11345.482270	10.533925	4283
11346.495865	10.490614	4284
11347.521439	10.560417	4285
11348.532169	10.407747	4286
11349.559074	10.307509	4287
11350.566398	10.467000	4288
11351.596737	10.620357	4289
11352.603667	10.513429	4290
11353.633014	10.463009	4291
11354.640479	10.399995	4292
11355.670753	10.404103	4293
11356.675823	10.323775	4294
11357.704877	10.366329	4295
11358.715101	10.317613	4296
11359.740814	10.375386	4297
11360.753602	10.313911	4298
11361.773457	10.318659	4299
11362.794754	10.211422	4300
11363.806511	10.271682	4301
11364.834368	10.227840	4302
11365.839480	10.138714	4303
11366.875320	10.238014	4304
11367.872195	10.291935	4305
11368.916004	10.264269	4306
11369.905893	10.183147	4307
11370.953728	10.237938	4308
11371.941527	10.272145	4309
11372.992301	10.046433	4310
11373.976898	10.093067	4311
11375.029981	10.148802	4312
11376.014196	10.049608	4313
11377.065300	10.106975	4314
11378.051665	9.959962	4315
11379.102116	10.095772	4316
11380.089982	10.038131	4317
11381.136879	10.029289	4318
11382.127031	9.997059	4319
11383.174535	10.014314	4320
11384.162335	9.945406	4321
11385.211684	10.075830	4322
11386.199425	10.100274	4323
11387.248633	10.104224	4324
11388.233622	10.059442	4325
11389.286901	9.966066	4326
11390.271034	9.872676	4327
11391.323133	9.909733	4328
11392.309300	9.998302	4329
11393.358575	9.982348	4330
11394.347456	9.982386	4331
11395.391374	9.993358	4332
11396.389243	9.903811	4333
11397.424275	10.036438	4334
11398.428947	10.000229	4335
11399.457515	9.929957	4336
11400.469399	9.847249	4337
11401.489966	9.957734	4338
11402.509307	9.904166	4339
11403.524115	9.933816	4340
