crossing time (s)	slope (V/s)	crossing number
5215.094235	11.680873	2450
5216.106560	11.699339	2451
5217.131183	11.746479	2452
5218.144257	11.621054	2453
5219.166864	11.823035	2454
5220.182793	11.630107	2455
5221.203693	11.707938	2456
5222.219094	11.635286	2457
5223.239641	11.643502	2458
5224.256625	11.631359	2459
5225.275492	11.794132	2460
5226.292879	11.595231	2461
5227.311952	11.637653	2462
5228.329856	11.507825	2463
5229.349252	11.505918	2464
5230.365888	11.448522	2465
5231.385800	11.498167	2466
5232.402864	11.390604	2467
5233.423405	11.549540	2468
5234.438806	11.462225	2469
5235.458647	11.393926	2470
5236.476178	11.454996	2471
5237.498190	11.446835	2472
5238.511564	11.319892	2473
5239.534612	11.453865	2474
5240.548546	11.391196	2475
5241.571308	11.522506	2476
5242.584179	11.402350	2477
5243.609860	11.544149	2478
5244.620002	11.375482	2479
5245.646767	11.476588	2480
5246.656205	11.371760	2481
5247.684421	11.463403	2482
5248.691179	11.301312	2483
5249.721837	11.347238	2484
5250.727562	11.396331	2485
5251.759400	11.435987	2486
5252.762734	11.330815	2487
5253.795510	11.392915	2488
5254.800099	11.210817	2489
5255.834159	11.209758	2490
5256.835946	11.179495	2491
5257.869626	11.300912	2492
5258.872221	11.255986	2493
5259.907958	11.253374	2494
5260.909795	11.192273	2495
5261.943045	11.236927	2496
5262.946876	11.123245	2497
5263.980395	11.244157	2498
5264.982844	11.104420	2499
5266.015884	11.293433	2500
5267.020845	11.111645	2501
5268.052690	11.208122	2502
5269.058105	11.083649	2503
5270.088297	11.226844	2504
5271.095625	11.114312	2505
5272.125007	11.281036	2506
5273.132273	11.077449	2507
5274.161944	11.176791	2508
5275.168561	11.048948	2509
5276.196534	11.159272	2510
5277.207245	11.130618	2511
5278.233776	11.121318	2512
5279.243962	11.004358	2513
5280.269684	11.078279	2514
5281.281077	11.071923	2515
5282.306246	11.081926	2516
5283.319134	10.917904	2517
5284.342854	11.057190	2518
5285.354531	10.981055	2519
5286.379398	11.036232	2520
5287.391686	11.007064	2521
5288.416154	11.000410	2522
5289.427337	10.962461	2523
5290.453584	11.055304	2524
5291.466177	10.896374	2525
5292.489258	11.029345	2526
5293.501430	10.894099	2527
5294.525935	10.959019	2528
5295.537179	10.930309	2529
5296.563093	10.909883	2530
5297.573601	10.929937	2531
5298.601939	10.932887	2532
5299.608508	10.819775	2533
5300.636304	10.875445	2534
5301.644963	10.797530	2535
5302.675538	10.968528	2536
5303.681755	10.784061	2537
5304.710822	10.869985	2538
5305.718194	10.732916	2539
5306.748619	10.871164	2540
5307.755171	10.673733	2541
5308.785052	10.758174	2542
5309.790972	10.709899	2543
5310.823356	10.790034	2544
5311.827508	10.709129	2545
5312.859434	10.762806	2546
5313.864023	10.658872	2547
5314.898004	10.713951	2548
5315.900864	10.652567	2549
5316.931911	10.757600	2550
5317.937469	10.590099	2551
5318.969788	10.730902	2552
5319.974245	10.617386	2553
5321.005464	10.654895	2554
5322.011984	10.655902	2555
5323.042161	10.719354	2556
5324.048865	10.667912	2557
5325.078588	10.784523	2558
5326.084592	10.567097	2559
5327.115014	10.690495	2560
5328.122982	10.526692	2561
5329.151577	10.649557	2562
5330.159516	10.564023	2563
5331.187944	10.691166	2564
5332.196325	10.541711	2565
5333.224075	10.677790	2566
5334.233266	10.504947	2567
5335.260486	10.547995	2568
5336.271406	10.409998	2569
5337.295560	10.844581	2570
5338.307536	10.461747	2571
5339.331917	10.562286	2572
5340.344634	10.501855	2573
5341.369461	10.465144	2574
5342.380905	10.382524	2575
5343.404717	10.424676	2576
5344.418688	10.331351	2577
5345.441888	10.605604	2578
5346.455067	10.277866	2579
5347.478726	10.535001	2580
5348.491363	10.342252	2581
5349.514214	10.403173	2582
5350.527734	10.354073	2583
5351.552089	10.334528	2584
5352.563221	10.297453	2585
5353.590339	10.376943	2586
5354.600447	10.269207	2587
5355.626583	10.298844	2588
5356.636718	10.299211	2589
5357.662166	10.347164	2590
5358.673490	10.243465	2591
5359.700090	10.339702	2592
5360.709054	10.212344	2593
5361.737557	10.296952	2594
5362.743801	10.225293	2595
5363.773544	10.266014	2596
5364.780644	10.201628	2597
5365.810013	10.226557	2598
5366.816453	10.140011	2599
5367.847664	10.146416	2600
5368.853400	10.114800	2601
5369.885462	10.167231	2602
5370.887878	10.058191	2603
5371.921766	10.117803	2604
5372.923797	9.950257	2605
5373.957685	9.993372	2606
5374.961623	9.977027	2607
5375.994781	9.935864	2608
5376.997987	9.915821	2609
5378.032493	10.000429	2610
5379.033864	9.880339	2611
5380.067843	9.983336	2612
5381.070591	9.833475	2613
5382.103638	9.939915	2614
5383.107230	9.868990	2615
5384.141029	9.920659	2616
5385.144089	9.856383	2617
5386.176563	9.913346	2618
5387.180779	9.861055	2619
5388.213347	9.849496	2620
5389.218223	9.963924	2621
5390.248609	9.895382	2622
5391.256078	9.748771	2623
5392.284214	9.884516	2624
5393.293802	9.704665	2625
5394.320682	9.937206	2626
5395.329537	9.698054	2627
5396.356365	9.674050	2628
5397.366076	9.670978	2629
5398.394047	9.685089	2630
5399.403669	9.525555	2631
5400.428446	9.779269	2632
5401.439163	9.526794	2633
5402.464780	9.703574	2634
5403.477004	9.624312	2635
5404.500667	9.589932	2636
5405.514218	9.622968	2637
5406.537230	9.642844	2638
5407.549365	9.467909	2639
5408.574861	9.603348	2640
5409.586398	9.450843	2641
5410.610375	9.538154	2642
5411.623658	9.488096	2643
5412.646076	9.511376	2644
5413.658506	9.491822	2645
5414.684218	9.485461	2646
5415.694864	9.399061	2647
5416.721475	9.515360	2648
5417.730383	9.356953	2649
5418.757437	9.448065	2650
5419.767754	9.297443	2651
5420.794970	9.493771	2652
5421.802987	9.287407	2653
5422.830802	9.408077	2654
5423.839973	9.258754	2655
5424.868060	9.294546	2656
5425.875414	9.222042	2657
5426.905454	9.332396	2658
5427.910419	9.287101	2659
5428.942006	9.347829	2660
5429.948187	9.271266	2661
5430.977699	9.287669	2662
5431.984364	9.157029	2663
5433.015302	9.304687	2664
5434.020935	9.234574	2665
5435.051697	9.265314	2666
5436.056434	9.315475	2667
5437.089515	9.254905	2668
5438.093252	9.099666	2669
5439.123998	9.235322	2670
5440.128149	9.090402	2671
5441.160753	9.180608	2672
5442.165448	9.030724	2673
5443.196253	9.017484	2674
5444.201697	8.872959	2675
5445.234021	9.190809	2676
5446.240053	8.950396	2677
5447.270748	9.010967	2678
5448.275512	8.936382	2679
5449.306755	9.059607	2680
5450.312433	8.971621	2681
5451.343078	9.066246	2682
5452.347493	8.873014	2683
5453.378375	9.030038	2684
5454.384531	8.854842	2685
5455.415794	8.948675	2686
5456.420620	8.845938	2687
5457.452281	8.929861	2688
5458.458276	8.826695	2689
5459.488898	8.912871	2690
5460.494208	8.794148	2691
5461.525763	8.845334	2692
5462.529979	8.748608	2693
5463.561570	8.842582	2694
5464.565395	8.773685	2695
5465.597579	8.788543	2696
5466.603155	8.698323	2697
5467.633635	8.781740	2698
5468.638349	8.630180	2699
5469.670077	8.739411	2700
5470.676351	8.794167	2701
5471.708191	8.721336	2702
5472.712226	8.651672	2703
5473.744151	8.722122	2704
5474.748466	8.586717	2705
5475.779242	8.563608	2706
5476.784707	8.474920	2707
5477.814637	8.678299	2708
5478.821778	8.640083	2709
5479.851950	8.571234	2710
5480.859337	8.504177	2711
5481.888270	8.633091	2712
5482.894999	8.586589	2713
5483.925782	8.619203	2714
5484.930550	8.448441	2715
5485.961040	8.512748	2716
5486.966890	8.424504	2717
5487.997936	8.539554	2718
5489.003668	8.381235	2719
5490.034401	8.438350	2720
5491.041332	8.366306	2721
5492.070351	8.415649	2722
5493.077551	8.378948	2723
5494.107386	8.467436	2724
5495.112701	8.363635	2725
5496.143453	8.486614	2726
5497.150034	8.368202	2727
5498.178502	8.395309	2728
5499.186306	8.284561	2729
5500.215504	8.373454	2730
5501.223885	8.336915	2731
5502.252625	8.302726	2732
5503.259273	8.273101	2733
5504.289555	8.323393	2734
5505.294811	8.161544	2735
5506.325150	8.336503	2736
5507.330990	8.167449	2737
5508.361097	8.321444	2738
5509.368138	8.185857	2739
5510.397410	8.235863	2740
5511.404379	8.072312	2741
5512.434469	8.117100	2742
5513.440322	8.169873	2743
5514.471354	8.244171	2744
5515.475971	8.089501	2745
5516.507354	8.154320	2746
5517.512294	8.091994	2747
5518.542681	8.221695	2748
5519.549026	8.070379	2749
5520.579919	8.086652	2750
5521.585709	7.955589	2751
5522.616757	8.067948	2752
5523.621911	7.939015	2753
5524.653419	8.083505	2754
5525.657568	8.096304	2755
5526.688386	8.026719	2756
5527.694239	7.919033	2757
5528.724664	7.955468	2758
5529.732206	8.069741	2759
5530.761710	8.028482	2760
5531.767329	8.056551	2761
5532.798962	8.086902	2762
5533.803282	7.812986	2763
5534.835327	8.068000	2764
5535.838798	7.790891	2765
5536.871127	7.809959	2766
5537.875287	7.768786	2767
5538.907982	7.880236	2768
5539.911849	7.794306	2769
5540.945601	7.898812	2770
5541.948111	8.055119	2771
5542.982202	7.680257	2772
5543.983234	7.804248	2773
5545.017375	7.851600	2774
5546.018695	7.604390	2775
5547.053375	7.829303	2776
5548.056187	7.676497	2777
5549.091141	7.760332	2778
5550.092968	7.680427	2779
5551.127784	7.766471	2780
5552.129252	7.690676	2781
5553.163239	7.767210	2782
5554.164048	7.591152	2783
5555.198884	7.673324	2784
5556.200239	7.478893	2785
5557.235396	7.673649	2786
5558.237355	7.570772	2787
5559.271319	7.587076	2788
5560.275535	7.521650	2789
5561.308853	7.602094	2790
5562.312239	7.567855	2791
5563.344502	7.665285	2792
5564.347554	7.507426	2793
5565.379039	7.525530	2794
5566.383789	7.514753	2795
5567.415658	7.585949	2796
5568.421746	7.436868	2797
5569.451143	7.477685	2798
5570.459050	7.436284	2799
5571.488958	7.508409	2800
5572.494338	7.378310	2801
5573.524562	7.503213	2802
5574.531564	7.299776	2803
5575.560144	7.576830	2804
5576.567247	7.256074	2805
5577.596747	7.635928	2806
5578.604550	7.273775	2807
5579.632937	7.549635	2808
5580.640624	7.384303	2809
5581.670819	7.473665	2810
5582.675240	7.466197	2811
5583.707227	7.697324	2812
5584.710828	7.414374	2813
5585.744209	7.295255	2814
5586.746354	7.523515	2815
5587.780481	7.438012	2816
5588.783140	7.276781	2817
5589.818213	7.341900	2818
5590.818978	7.163756	2819
5591.854410	7.305197	2820
5592.853613	7.197221	2821
5593.890594	7.209806	2822
5594.889108	7.128999	2823
5595.928584	7.272346	2824
5596.924885	7.184669	2825
5597.965622	7.248594	2826
5598.962817	7.125622	2827
5600.001058	7.238723	2828
5600.998836	7.081953	2829
5602.036504	7.104577	2830
5603.034769	7.127771	2831
5604.072725	7.156267	2832
5605.070436	7.045755	2833
5606.110524	7.144162	2834
5607.107322	6.918395	2835
5608.145957	7.108919	2836
5609.144995	6.945440	2837
5610.181266	7.102071	2838
5611.181664	7.059108	2839
5612.215807	7.135523	2840
5613.218150	6.937727	2841
5614.252087	7.049268	2842
5615.254244	6.962208	2843
5616.288636	6.948150	2844
5617.292068	6.936417	2845
5618.324225	7.002042	2846
5619.329806	6.914646	2847
5620.360117	7.009407	2848
5621.364870	6.903300	2849
5622.395570	6.996251	2850
5623.401581	6.897465	2851
5624.430840	6.930377	2852
5625.440283	6.836843	2853
5626.467001	6.937804	2854
5627.476285	6.778343	2855
5628.503118	6.890637	2856
5629.511915	6.867885	2857
5630.539910	6.879587	2858
5631.547654	6.812095	2859
5632.576188	6.938103	2860
5633.583272	6.693222	2861
5634.611720	6.887672	2862
5635.621965	6.762786	2863
5636.648572	6.777868	2864
5637.656861	6.760972	2865
5638.686810	6.806458	2866
5639.692394	6.711741	2867
5640.722203	6.780329	2868
5641.726870	6.735736	2869
5642.759214	6.778553	2870
5643.763219	6.728273	2871
5644.796067	6.763878	2872
5645.799667	6.633938	2873
5646.832683	6.676564	2874
5647.836077	6.569886	2875
5648.869610	6.643449	2876
5649.872315	6.613763	2877
5650.907119	6.739506	2878
5651.906786	6.563839	2879
5652.942481	6.697501	2880
5653.943075	6.493240	2881
5654.978317	6.584839	2882
5655.978389	6.499987	2883
5657.017003	6.612741	2884
5658.016653	6.553826	2885
5659.052875	6.688641	2886
5660.052924	6.312294	2887
5661.087236	6.394839	2888
5662.087902	6.078915	2889
