time (s)	theta (A)	maj axis/z0	min axis/z0	crossing#mod 255
9272.159395	326.276520	1.665099	-0.029361	43
9274.208881	323.847839	1.670665	-0.026716	45
9276.251604	323.373260	1.675281	-0.020905	47
9278.287453	324.281799	1.679482	-0.019258	49
9280.322477	325.045288	1.680860	-0.019584	51
9282.358885	325.462982	1.684245	-0.020308	53
9284.396913	325.823334	1.668917	-0.020792	55
9286.436253	326.441040	1.663044	-0.021230	57
9288.473899	326.531830	1.669452	-0.022200	59
9290.504932	325.431091	1.681611	-0.024903	61
9292.530955	322.398407	1.683426	-0.026301	63
9294.564780	321.670349	1.638085	-0.016175	65
9296.614738	325.890625	1.634307	-0.011704	67
9298.659798	327.930206	1.665293	-0.024565	69
9300.684492	323.182648	1.684385	-0.030603	71
9302.712958	320.895325	1.632869	-0.015875	73
9304.763303	325.709290	1.635617	-0.011105	75
9306.808340	327.627930	1.654349	-0.023868	77
9308.834313	323.880432	1.671671	-0.027924	79
9310.860726	321.136780	1.637376	-0.019406	81
9312.901576	322.904327	1.630039	-0.013916	83
9314.948868	325.303833	1.636155	-0.015338	85
9316.992001	325.918793	1.629372	-0.018107	87
9319.030605	325.333313	1.628435	-0.019030	89
9321.067359	324.642181	1.630800	-0.018402	91
9323.104155	324.036926	1.628190	-0.017544	93
9325.141653	323.597046	1.619700	-0.017155	95
9327.178600	323.252747	1.622311	-0.016540	97
9329.212461	323.359039	1.647750	-0.014322	99
9331.241420	324.338989	1.657468	-0.011785	101
9333.269305	325.693909	1.634982	-0.012447	103
9335.305703	325.888092	1.608442	-0.017267	105
9337.353651	323.720703	1.603126	-0.021484	107
9339.400466	321.499054	1.604658	-0.016350	109
9341.433001	322.614624	1.638209	-0.008875	111
9343.456922	325.533081	1.634814	-0.009781	113
9345.489736	326.095398	1.609302	-0.016848	115
9347.536023	324.136536	1.595904	-0.018530	117
9349.583533	322.251221	1.595134	-0.014779	119
9351.622731	322.186066	1.608013	-0.010480	121
9353.655113	323.311737	1.621525	-0.009378	123
9355.685329	324.226501	1.627671	-0.010348	125
9357.717009	324.425110	1.620120	-0.011394	127
9359.751113	324.203003	1.600886	-0.010978	129
9361.786883	323.804687	1.590924	-0.011121	131
9363.823953	323.459229	1.592098	-0.010734	133
9365.862197	323.321869	1.594237	-0.010052	135
9367.902402	323.470337	1.572817	-0.009059	137
9369.944898	324.205292	1.584036	-0.008129	139
9371.988515	325.167206	1.599207	-0.007658	141
9374.030165	325.551483	1.608495	-0.008378	143
9376.065620	325.116638	1.611241	-0.010747	145
9378.094254	323.435150	1.605135	-0.011601	147
9380.120242	321.252930	1.562977	-0.009547	149
9382.156152	321.312531	1.541199	-0.004280	151
9384.201645	323.510925	1.561404	-0.002489	153
9386.248854	325.551483	1.581175	-0.004894	155
9388.289001	325.412476	1.593860	-0.008231	157
9390.321169	324.188965	1.601088	-0.008578	159
9392.350200	322.894775	1.581840	-0.007040	161
9394.380494	322.129578	1.553951	-0.005371	163
9396.414394	322.023529	1.530123	-0.003670	165
9398.451425	322.423309	1.522098	-0.003062	167
9400.490059	322.929962	1.530861	-0.003201	169
9402.527761	323.318237	1.540699	-0.003160	171
9404.564298	323.558960	1.534775	-0.002765	173
9406.600208	323.856537	1.527469	-0.002625	175
9408.635896	324.152527	1.525616	-0.001873	177
9410.673457	324.317413	1.526556	-0.002491	179
9412.714238	324.137024	1.528839	-0.003029	181
9414.758260	323.221649	1.540105	-0.003238	183
9416.802667	322.079681	1.551529	-0.002771	185
9418.843960	321.384735	1.567327	-0.001207	187
9420.879407	321.764862	1.581054	0.000855	189
9422.908967	323.125183	1.579526	0.001739	191
9424.936838	324.632050	1.553453	0.001391	193
9426.968915	325.114960	1.521329	-0.000687	195
9429.008137	324.598724	1.517879	-0.002176	197
9431.052450	323.415588	1.531748	-0.001045	199
9433.096530	322.540955	1.552549	-0.000172	201
9435.137603	322.184845	1.553806	0.001728	203
9437.176297	322.261597	1.554208	0.002154	205
9439.213890	322.560913	1.559966	0.002424	207
9441.250945	322.835937	1.554547	0.002841	209
9443.288038	323.095795	1.558145	0.002788	211
9445.324689	323.201141	1.559513	0.003564	213
9447.360182	323.345642	1.557345	0.003894	215
9449.394292	323.212555	1.561054	0.003523	217
9451.425818	322.982269	1.554258	0.003456	219
9453.456284	322.282684	1.532222	0.004295	221
9455.487803	321.494202	1.508599	0.005664	223
9457.524590	321.696686	1.493431	0.008002	225
9459.567154	322.753601	1.507182	0.009274	227
9461.612722	323.932037	1.532479	0.008286	229
9463.656097	324.371033	1.547318	0.007409	231
9465.695573	324.062195	1.547305	0.006992	233
9467.731271	323.542664	1.546995	0.006711	235
9469.764698	323.105255	1.547398	0.007150	237
9471.797370	322.894684	1.546429	0.007380	239
9473.830387	322.758362	1.526351	0.008637	241
9475.864281	322.776459	1.514615	0.009202	243
9477.899113	322.881683	1.507712	0.010078	245
9479.935161	323.069336	1.502985	0.010269	247
9481.971599	323.168488	1.496773	0.010879	249
9484.009032	323.299072	1.501417	0.010283	251
9486.047299	323.282562	1.499260	0.011182	253
9488.086679	323.105347	1.504464	0.011269	255
9490.127416	322.796112	1.515744	0.010981	1
9492.168366	322.321228	1.515073	0.011900	3
9494.209107	321.697388	1.519908	0.012377	5
9496.248615	321.435211	1.527971	0.012721	7
9498.286191	321.345154	1.531215	0.013947	9
9500.320560	321.803253	1.540295	0.015640	11
9502.351544	322.870483	1.536013	0.015853	13
9504.381140	323.929962	1.517934	0.015725	15
9506.412208	324.644348	1.489851	0.014879	17
9508.447159	324.704498	1.477775	0.014001	19
9510.486286	324.268158	1.480257	0.013940	21
9512.528275	323.580200	1.484479	0.014401	23
9514.569753	322.928589	1.494988	0.015521	25
9516.609824	322.637024	1.506040	0.015491	27
9518.648235	322.547913	1.506026	0.016899	29
9520.685255	322.681763	1.508707	0.017235	31
9522.720808	322.676575	1.512244	0.017560	33
9524.755585	322.729767	1.507869	0.018117	35
9526.788396	322.730225	1.501457	0.016765	37
9528.820919	322.590149	1.481178	0.018437	39
9530.854234	322.164642	1.469790	0.017910	41
9532.890369	322.174164	1.458809	0.019451	43
9534.930546	322.605377	1.469493	0.019341	45
9536.973609	323.247467	1.485682	0.019852	47
9539.017234	323.829407	1.501587	0.018945	49
9541.059089	323.752319	1.505563	0.018591	51
9543.098441	323.412262	1.512879	0.018275	53
9545.135799	323.045563	1.509655	0.018777	55
9547.171906	322.791534	1.509051	0.018629	57
9549.207713	322.634277	1.506750	0.019179	59
9551.243321	322.461121	1.496885	0.019939	61
9553.278200	322.523315	1.500690	0.019692	63
9555.314044	322.436737	1.493933	0.020050	65
9557.351634	322.351440	1.489987	0.020683	67
9559.389253	322.208710	1.492052	0.019623	69
9561.428261	322.058502	1.491191	0.020567	71
9563.466600	321.668182	1.488997	0.021737	73
9565.504804	321.644348	1.493177	0.021355	75
9567.541896	321.427612	1.491103	0.021733	77
9569.578753	321.555359	1.499068	0.021776	79
9571.613541	321.965515	1.498086	0.021729	81
9573.645578	322.661560	1.502653	0.021449	83
9575.676266	323.596222	1.491492	0.021725	85
9577.707120	324.251282	1.468836	0.021462	87
9579.740258	324.636017	1.451005	0.020800	89
9581.776063	324.599976	1.441231	0.020937	91
9583.814392	324.279297	1.443465	0.020537	93
9585.854692	323.902893	1.449695	0.021462	95
9587.894819	323.383453	1.457876	0.022768	97
9589.933663	323.201141	1.466870	0.022714	99
9591.970981	323.014648	1.468661	0.023543	101
9594.006546	323.074036	1.466983	0.023075	103
9596.041602	323.040802	1.459754	0.023449	105
9598.075693	323.009003	1.456065	0.022827	107
9600.109472	322.760895	1.441357	0.023451	109
9602.145189	322.616943	1.436826	0.023989	111
9604.181950	322.668732	1.430344	0.024003	113
9606.222275	322.897308	1.438069	0.024778	115
9608.264584	323.312988	1.458414	0.024657	117
9610.306858	323.680328	1.465584	0.024029	119
9612.348435	323.691132	1.475066	0.023593	121
9614.388295	323.421143	1.474739	0.024196	123
9616.427058	323.113129	1.475361	0.024555	125
9618.464494	322.837250	1.477485	0.024909	127
9620.501455	322.627045	1.473030	0.024862	129
9622.538360	322.333710	1.468851	0.026447	131
9624.575204	322.139343	1.470222	0.026346	133
9626.612151	322.077667	1.474515	0.025986	135
9628.649178	322.046448	1.474759	0.026909	137
9630.685292	322.022766	1.472341	0.026839	139
9632.721121	322.067505	1.470979	0.026889	141
9634.755649	322.396393	1.477923	0.026815	143
9636.789246	322.978943	1.474713	0.026885	145
9638.820808	323.581451	1.463917	0.026709	147
9640.852424	324.146179	1.453512	0.025942	149
9642.885453	324.693207	1.436641	0.026214	151
9644.919290	324.881561	1.414577	0.026013	153
9646.955710	324.689972	1.413079	0.026761	155
9648.993955	324.477509	1.415976	0.027704	157
9651.032904	324.165527	1.417844	0.028140	159
9653.071805	323.855072	1.424535	0.028879	161
9655.109943	323.604279	1.429334	0.028249	163
9657.146780	323.627106	1.429366	0.028949	165
9659.182462	323.452301	1.427207	0.029647	167
9661.217654	323.313599	1.423732	0.029537	169
9663.252670	323.251556	1.414766	0.028973	171
9665.288074	323.104462	1.405981	0.029414	173
9667.325049	323.154602	1.406754	0.030140	175
9669.364480	323.225983	1.413949	0.030143	177
9671.405953	323.533203	1.427504	0.030320	179
9673.447342	323.755066	1.435665	0.029985	181
9675.488590	323.804504	1.441515	0.030122	183
9677.528758	323.585052	1.446220	0.029542	185
9679.568060	323.401703	1.451251	0.030037	187
9681.606514	318.670013	1.181673	0.077114	189
9687.190364	120.293854	0.169849	0.100000	191
9689.194566	83.757187	0.010650	-0.100000	193
9691.546483	15.593529	0.071612	0.094171	195
9694.681685	143.784134	0.341252	0.100000	197
9696.729105	143.590637	0.358169	0.100000	199
9698.674999	149.152817	0.374861	0.100000	201
9700.661853	152.095230	0.372935	0.100000	203
9702.702346	153.005280	0.367369	0.100000	205
9705.769866	358.370972	0.012278	0.000058	207
9709.777014	249.175446	0.063436	0.100000	209
9711.785859	342.291779	0.337004	0.100000	211
9714.955957	72.690567	0.055393	0.100000	213
9716.928224	152.031754	0.366544	0.100000	215
9719.986193	327.823181	0.060152	-0.017009	217
9722.282829	4.503728	0.093440	0.027757	219
